##Centered_IBS.SumPk=895.9369722427309
##Matrix_Type=Centered_IBS
184
GS3.1_9	0.9313812	0.2330648	-0.074635565	0.15283775	-0.07906519	-0.091478296	-0.017638925	-0.11820886	0.15337004	-0.3566194	-0.18912444	-0.24398698	-0.1731027	-0.067226075	-0.48009112	0.3001378	0.43367592	-0.09233281	-0.03802799	-0.035003763	-0.4683434	0.1348529	-0.26892844	0.39712	-0.07271391	-0.4129314	-0.5075265	-0.07404099	0.35037905	-0.17271742	-0.13888481	0.058597736	0.1198778	0.32340345	-0.31467324	-0.06411113	0.09456796	-0.47253644	-0.5096309	0.04377163	-0.027300576	0.26427993	-0.52780133	0.08986278	0.058842976	0.018485667	0.17951794	-0.38192704	-0.22132467	-0.17059286	-0.09310952	-0.027845306	0.2507929	0.29940414	0.2117133	-0.3027247	-0.092575155	-0.098101296	0.37792346	0.16836986	-0.024851931	-0.113617025	-0.3639889	0.28794685	0.46461383	0.089013845	0.2936543	0.4628547	-0.010320395	-0.035194956	0.41359097	-0.07298347	-0.06764509	-0.20665665	-0.14801747	0.4712838	-0.49096528	0.41115654	-0.11918909	-0.10863849	-0.049085163	0.23170447	-0.056835722	-0.31765863	0.05802865	-0.054655164	0.028779592	0.3735358	0.3898842	-0.019061025	-0.47531503	0.3115046	0.27770424	0.09437645	-0.23710734	-0.07751527	0.029323712	0.12433091	-0.48705876	-0.381503	-0.39587533	0.30620873	0.16497111	-0.1404366	0.13951534	0.43369946	0.14975256	-0.020402217	-0.029496485	0.4190036	0.41601276	-0.30026805	-0.13958333	0.13661472	-0.28169584	-0.14769812	-0.05899037	-0.34432748	0.08017375	0.41597793	-0.045803145	0.27219164	0.13165046	-0.43036032	0.2865694	0.114857644	-0.5432659	-0.08668213	0.45091608	0.32430193	0.04995652	-0.087053776	-0.37621245	-0.030872004	0.3007406	0.023161972	-9.3929906E-4	-0.22533591	0.05322634	0.40857634	0.37346005	-0.3352937	-0.28078055	0.43478814	-0.2968614	0.21706755	0.15242298	0.004069248	0.39706036	-0.0023790058	0.134332	0.13985291	-0.037261486	0.48266536	-0.11563927	0.02439206	0.07059587	0.23288386	-0.052776657	-0.46661645	-0.4596039	-0.42558286	-0.1593309	-0.39901283	0.08780119	0.487061	0.020848138	0.40368247	-0.49608785	-0.083653376	-0.43831918	0.016588034	-0.5333393	0.013895476	0.31306568	-0.07082471	-0.08755714	0.18919085	0.030779349	-0.00675713	0.053275764	0.04843458	-0.2239131	0.18582721
GS3.1_174	0.2330648	0.6457145	0.02227753	0.06593879	0.15743202	0.048795503	0.033000663	-0.13410889	0.012335964	-0.16606791	-0.06736085	0.07078218	-0.12602718	0.052560378	-0.3490167	0.25702572	0.24390112	-0.13595153	0.022525484	-0.15486532	-0.19845617	0.23167682	-0.18212414	0.26526815	-0.11500442	-0.14756371	-0.17056353	-0.10839574	0.1320768	-0.12008782	0.06543226	0.020348407	0.007350719	0.19705889	-0.31411725	-0.04152415	0.06848491	-0.33816615	-0.4115054	0.084372036	-0.044894278	0.119747385	-0.32808292	0.06077134	0.10660301	-0.1544787	0.04323015	-0.3361885	-0.12841444	0.10354905	-0.03951101	-0.11842375	0.06659876	0.29698455	0.06346183	-0.19360614	0.14005594	-0.011243023	0.06752843	0.08273237	-0.100796185	-0.093205385	-0.15698105	0.08531728	0.48477933	-0.10766321	0.18625371	0.5029491	-0.14382762	-0.06139035	0.26485422	0.030817892	0.056131624	-0.051764876	-0.14815243	0.2786608	-0.40497774	0.09615498	-0.17357568	-0.15554267	0.030958174	0.04214172	-0.15622091	-0.12689102	0.1439284	-0.021053582	-0.10029277	0.27722296	0.50010675	-0.14815034	-0.21737279	0.056141287	0.26539767	-0.09866518	-0.22508164	-0.11210529	-0.0039608753	0.2077027	-0.37190115	-0.32696655	-0.22915164	0.110573046	0.030750684	0.0045087957	0.116375946	0.25421384	0.08343509	0.005280301	0.045632053	0.42581552	0.23604871	-0.22993569	-0.15113415	0.030605864	-0.29177654	-0.15254551	0.13821617	-0.30098307	0.0972299	0.27640045	-0.020416163	0.24022815	0.050919622	-0.40243962	0.048028816	-0.090976916	-0.36750764	-0.1513056	0.22714561	0.06456928	0.13752875	0.023999443	-0.14632559	0.09237939	0.08560879	-0.018399702	-0.13744794	-0.24385299	-0.13290392	0.30257654	0.28632545	-0.123856395	-0.10603955	0.4497703	-0.055744607	0.34809643	0.06319748	0.062029704	0.2696864	0.07124924	0.09191205	0.09531865	0.05835816	0.24483564	-0.16465086	-0.18017565	-0.035422478	0.18068944	0.05614628	-0.4221329	-0.18154258	-0.3141468	-0.07430392	-0.14579476	0.009463533	0.40879467	0.074371554	0.31153017	-0.27534607	0.14730005	-0.30458713	-0.1502744	-0.3708301	0.09246739	0.11665884	-0.11668636	-0.15752058	0.04827649	0.0987515	0.0662677	-0.031230625	0.045436725	-0.097369194	0.093834996
GS3.1_41	-0.074635565	0.02227753	0.6140719	-0.09870066	-0.09376541	-0.12681958	-0.11444963	0.122593954	0.0805305	-0.0051668347	0.01435334	0.18180212	0.12415588	0.035722706	0.122125626	-0.23822036	-0.20329112	0.103477165	-0.14993179	0.11320939	0.23394722	-0.17484735	0.1144739	-0.11483636	-0.052058097	-0.097810365	0.18503448	0.12042527	0.029553356	-0.060214493	0.16688572	-0.1852385	0.019308507	0.025955187	0.20837425	-0.17160809	-0.18050435	0.045917183	0.14870368	-0.0049412493	-0.26355958	-0.074878246	0.12366876	-0.07711496	-0.016895562	-0.19832405	-0.052753083	0.1838579	-0.07251911	-0.0059663253	0.080946736	-0.0054075946	0.045383792	-0.064438626	0.06545766	0.07858747	-0.0820966	0.10852245	-0.09434805	-0.033930365	0.04277378	0.15147223	0.008988553	-0.13383332	-0.15522122	-0.019809268	-0.005649028	-0.107096136	0.04321808	0.25651222	-0.14942808	0.17156823	-0.10021952	0.03327262	0.07717242	-0.050258033	0.09335631	0.007165591	-0.02840275	0.004077598	-0.070392914	0.021197967	0.11013791	-0.02105408	-0.074738614	-0.09056512	0.030326221	0.028283427	-0.049409237	0.06786271	0.2196086	-0.067026615	-0.08004324	0.011430787	0.07118274	-0.08480671	-0.042478874	-0.14476302	0.079225145	0.17338118	-0.172059	-0.03057199	-0.10863664	0.087366045	-0.11241422	-0.011400427	-0.08181631	-0.09153451	-0.07439403	0.101104625	-0.15114206	0.047252167	0.07453604	-0.057788536	0.19961974	-0.037402917	-0.037842784	0.07132872	-0.060735364	-0.08368875	-0.04389465	-0.21042429	-0.015161435	0.11454307	0.0012417458	0.082175806	0.19499503	0.009516419	-0.051080205	0.011102746	0.18574585	-0.19825724	-0.049991567	0.0080853	-0.0365007	0.0101996185	-0.08056841	0.06445168	0.18128935	-0.25213826	0.14036195	0.12072998	-8.2501187E-4	-0.18233629	0.116986945	-0.07115971	-0.017871277	0.15018559	-0.25278628	0.01138918	-0.1105118	-0.121996865	-0.15889823	-0.11775774	-0.025927136	-0.016136538	0.104203835	-0.06258498	-0.09735026	0.17376922	0.15002376	0.16656436	0.14041843	0.038325947	0.08976169	-0.25898367	0.21573746	-0.21420938	0.05539542	-0.006612357	0.13236256	-0.037019722	0.08900308	0.009801055	-0.07180819	-0.07470743	0.05848637	0.04568574	0.0052538295	0.02000052	0.06407172	-0.15084837	0.071957976	-0.07232549
GS3.1_120	0.15283775	0.06593879	-0.09870066	0.74079674	0.34305492	0.02149687	-0.025604798	-0.09150441	-0.061887123	0.039451156	-0.14396709	-0.010232298	-0.13877802	0.026696526	0.02174655	-0.06788885	-0.0018432351	-0.17970659	-0.0388687	-0.035504557	-0.019680336	0.19876952	0.006314015	0.006614305	0.0022556155	-0.017060375	-0.06453657	-0.03743488	-0.24292597	-0.22373816	-0.08170056	0.08594364	-0.1964062	-0.070699625	-0.004815336	0.092654325	-0.030093288	-0.04088061	-0.15381321	0.07390073	0.028563008	0.029810172	-0.11089863	0.22118357	-0.019613016	-0.034074422	0.42082655	-0.17105941	-0.19360296	-0.028662108	0.07053973	-0.13932034	-0.022691296	-0.011006874	0.15920818	-0.20187019	0.17805426	-0.14334625	0.09914563	0.14842488	-0.11822634	0.004683547	0.002069606	-0.186339	0.18919028	0.20217139	0.012103817	0.14486307	-0.052907426	0.050522655	0.16420648	-0.060362965	-0.085159786	0.0671419	-0.13050173	0.28349918	-0.1897768	-7.430668E-5	-0.16721995	-0.07898638	0.08393649	0.27726603	0.026494613	0.02922639	0.041997697	0.017789172	-0.09167717	0.3177988	0.21955398	0.019130418	-0.07320216	0.1587907	-0.021666663	-0.1273921	-0.13698149	0.06931717	0.045598473	0.11090624	-0.094392195	-0.08719781	0.056159213	-0.21367303	-0.06667638	-0.03611452	0.07655267	0.06444821	-0.22423534	0.008696316	-0.040631156	0.13207057	0.012897933	-0.11291743	-0.1566765	-0.060174596	-0.059388578	0.066938646	0.14464013	-0.16908863	0.24199039	0.047476012	0.0046138614	0.023121085	-0.024756301	0.008932504	-0.04317939	0.08633145	-0.11117147	-0.19564	0.05673812	-0.0213584	-0.03643935	0.103449896	-0.053963732	-0.048864566	-0.08959767	-0.20302603	-0.0906663	-0.0951139	-0.031452097	0.05349338	0.08060193	-0.023991296	0.0810786	0.14825447	-0.059427544	0.14391194	-0.014422729	-0.053973448	0.16044727	0.042462848	0.25212502	0.24734855	-0.1590472	8.043638E-4	-0.033839982	0.097141765	-0.008660743	0.0036031648	0.013724268	-0.18009983	-0.06189913	-0.1703227	-0.06251926	-0.080426335	-0.13891867	0.2665224	0.115579784	0.019111035	-0.23863326	0.066204	-0.05213054	0.079942144	-0.054131135	0.09441521	-0.18030798	-0.0018450117	-0.17504385	0.06345856	0.054499485	-0.027537867	-0.32009092	0.055312775	-0.060719877	0.15169115
GS3.1_65	-0.07906519	0.15743202	-0.09376541	0.34305492	1.433264	0.1798853	0.11487519	-0.18080267	-0.54308355	0.5024842	-0.070349425	0.09055127	-0.14528736	0.28605962	0.15625115	0.009509126	-0.02651844	-0.3004952	0.106084965	-0.2885239	0.15092385	0.6698603	-0.16429242	0.04105695	-0.13065124	0.49320278	0.20201638	-0.004025061	-0.43090478	-0.17920308	0.07584683	0.14397363	-0.35745177	-0.39335725	-0.03225523	0.096175216	0.13934809	-0.058272928	-0.0027129003	0.33884642	0.1542754	-0.12777884	0.0016271509	0.30374455	0.3800684	-0.3113785	0.3168478	-0.15209045	-0.37591618	0.510745	-0.026195109	-0.31106767	-0.53352904	0.00393277	0.12602802	-0.3048435	0.4950436	-0.081795454	-0.45411667	0.2687494	-0.24113822	-0.106570594	0.38222	-0.5017022	0.2777919	-0.020079065	-0.013761748	0.55319506	-0.22028933	-0.19983108	-0.094510965	-0.1298453	0.17129102	0.01870004	-0.21095632	0.07617674	-0.111469	-0.39433348	-0.10967396	-0.24406932	0.3416026	0.15248615	-0.42690638	0.38051772	0.27908093	0.1747258	-0.2839178	0.3529055	0.73390454	-0.23870577	0.06656771	-0.5234143	-0.100670554	-0.2934428	-0.3313259	-0.09711047	-6.701886E-4	0.10410016	-0.10156976	-0.107003756	0.30457988	-0.5094882	-0.33220494	0.21969698	0.1547303	0.106074244	-0.52823204	0.07557418	0.12524578	-0.03558135	-0.10644553	-0.20924336	-0.19693717	-0.25959033	-0.04548832	-0.12469082	0.42669243	-0.06291137	0.3356127	0.12899213	-0.05382833	-0.025138102	-0.4017502	-0.016468525	-0.33167008	-0.3013631	-0.13600051	-0.30158758	0.041974965	-0.46659952	-0.2515371	0.23259588	0.5050579	0.45312196	-0.32958475	-0.39786926	-0.2402353	-0.12721531	-0.38610703	-0.01918393	-0.10711829	0.46008804	0.5617724	0.4559153	-0.062397014	0.49997026	0.17309515	-0.37408042	-0.043454964	0.40688387	0.29446828	0.27693912	0.14815204	0.042213514	-0.22657847	-0.16585056	-0.3527409	-0.15902568	0.2644455	-0.115771875	0.18194899	-0.06926429	-0.17713818	0.35940573	-0.41767263	0.38228709	-0.1573482	-0.07873687	0.14870448	0.54629195	0.03604078	-0.11516186	-0.055938892	0.28481528	-0.46924213	-0.18042466	-0.3180164	-0.5057518	0.42892835	0.40261137	-0.47562778	0.17940901	-0.08098947	0.1666138
GS3.1_122	-0.091478296	0.048795503	-0.12681958	0.02149687	0.1798853	0.92223847	0.084929004	-0.07042511	-0.08982847	0.055786464	-0.14538203	0.07635632	-0.14425056	0.079076156	0.2803075	0.08357469	-0.1916746	-0.1915845	-0.01049804	-0.08805001	0.06939539	0.29518208	0.1701152	0.034212884	-0.13994877	0.38720784	0.036563024	-0.19524446	-0.10962312	-0.2276411	-0.03182567	0.27047515	-0.2102138	-0.2249587	-0.080099314	0.12885351	0.0057812845	-0.13780597	-0.08037279	-0.085076675	0.30019215	-0.14288796	0.22748132	-0.098375	0.10762446	-0.13134965	-0.0083450135	-0.18416989	-0.15259236	0.15413782	-0.0027185483	-0.2048193	-0.009239354	-0.1253816	0.07705797	0.2167488	0.08041396	-0.08656086	-0.17446725	-0.021023957	0.21412806	-0.04628534	0.038870703	-0.058498308	0.17831656	-0.25056225	-0.031949133	0.06509856	-0.24312817	-0.049951404	-0.05218325	-0.06748016	-0.08934168	0.24824882	-0.06270603	0.0026674103	-0.095878735	-0.25789633	-0.18834849	0.014476986	0.20533408	-0.03234864	-0.024040848	0.089131765	0.06498954	0.16054597	-0.068620205	0.17368877	0.25053686	-0.102537215	0.07557446	-0.0787114	-0.083095506	-0.017920189	0.39878088	-0.1528213	0.058387812	0.12422716	0.32223645	0.2386405	0.41871625	-0.039626017	-0.10269538	0.12854765	0.1257478	-0.069666594	-0.22715497	0.03402934	0.06894785	0.020681052	-0.0607232	0.24986579	-0.16513917	-0.1378664	-0.007326516	-0.14991285	0.0666478	0.24011499	-0.12161442	-0.034548055	0.012268105	0.14242516	-0.00548889	0.112659335	-0.30532628	-0.10607728	0.09873932	-0.1848224	-0.016898898	-0.18081006	0.0025407884	0.121229224	-0.028762085	-0.026308376	-0.22698362	-0.18321633	-0.16257873	-0.013745523	-0.055985063	-0.04368013	-0.031179558	0.16594528	-0.06959187	0.12898102	0.12013528	0.15008947	-0.050508942	0.10664206	-0.10767542	-0.0050490517	-0.07270996	-0.05623817	0.08584352	-0.062145095	-0.12079057	-0.1658402	-0.032918558	-0.0923133	0.1388302	0.046117604	0.0978137	-0.13357514	-0.19511478	-0.023454519	-0.025107967	0.043764826	-0.08618907	0.10411135	-0.104076155	0.09533081	0.062797785	-0.1195857	0.27133423	-0.024899146	0.072798505	-0.0660122	-0.28843927	-0.0057831025	0.14492619	-0.07644679	-0.15520258	-0.10273214	0.1262171	-0.12303763
GS3.1_4	-0.017638925	0.033000663	-0.11444963	-0.025604798	0.11487519	0.084929004	0.77566534	-0.06444153	-0.14277932	0.05116413	-0.016793568	-0.0061682714	-0.14988181	-0.024943663	-0.16451253	0.2024499	0.12364018	-0.054865118	0.07007569	-0.17604062	-0.04075416	0.3255132	-0.11391459	0.08400247	0.039247893	0.2666202	0.108153746	0.006386487	-0.09870651	-0.079205334	0.003340887	0.1796967	-0.061332334	0.007563676	-0.10794127	0.07666022	0.09694708	-0.0523929	-0.20629044	-0.047543656	0.11596436	-0.11618222	-0.17378378	0.056660082	0.16510592	-0.10251783	0.010553849	-0.108335555	0.010357214	0.071829155	-0.066342525	-0.040464625	-0.016897984	0.13214861	0.031260375	-0.18482259	0.05412015	-0.023274254	-0.09122892	0.013800834	-0.11468502	-0.012838747	0.0089656925	-0.016455412	0.22400157	-0.046222314	-0.010657978	0.10454471	-0.2214575	-0.11256284	0.19996335	0.13568065	0.1368578	0.004576263	-0.18624696	-0.0062290234	-0.028290538	-0.013495675	-0.19825622	-0.038714826	0.062011134	0.05153912	-0.22236826	-0.0060460926	0.14746161	0.06184463	-0.08150853	0.06520552	0.104597755	-0.013790872	-0.04506642	0.086034544	-0.12378798	-0.057335246	-0.20403177	-0.012321922	-0.08625106	0.32078245	-0.043564532	-0.13671519	0.1958093	-0.066020496	0.060398214	0.079070054	0.1288414	0.08565588	-0.1350008	0.12988572	0.13355401	0.07088511	0.0902597	-0.18046653	-0.01608191	-0.015195989	0.0048257825	-7.7677344E-4	0.043936055	-0.16972877	0.063080184	-0.00817135	0.048772454	0.23739828	-0.07757678	0.07026414	-0.11748299	-0.1459877	-0.06460474	-0.057190668	-0.013973882	0.02698632	-0.14043158	0.3608116	0.011876561	-0.1064101	-0.118930034	-0.10389972	-0.079342805	-0.08230775	0.08528791	0.098409235	-0.0035044206	0.061282378	-0.083065264	0.05573444	0.15422146	0.03151922	-0.0210511	-0.21715878	0.04025003	-0.006938337	0.07903748	0.030401703	0.23178113	0.017648358	-0.1396346	-0.06539617	-0.08587989	-0.038287476	0.3756207	-0.2302508	0.068441495	-0.12179671	-0.13515137	0.004010291	-0.29380012	0.1687325	-0.032297887	0.15642658	-0.16123597	0.06025249	-0.06278402	-0.057044372	-0.20197332	-0.06988426	-0.07398816	0.08327228	-0.07861386	-0.10333863	0.08186085	0.0506409	-0.05647663	-0.07278082	0.04685035	-0.00892628
GS3.1_136	-0.11820886	-0.13410889	0.122593954	-0.09150441	-0.18080267	-0.07042511	-0.06444153	0.7391291	0.11207116	-0.1370791	-0.031347994	-0.04300836	-0.006036881	-0.2590349	0.22286548	-0.19616985	-0.2507001	0.009911919	-0.25799355	0.10234997	0.08995235	-0.30903867	0.23669249	-0.21451715	-0.02679376	-0.09838594	0.14801654	0.09412832	0.18715422	-0.06250188	0.01886035	-0.025109028	0.023454208	-0.07075952	0.31430855	-0.07726567	-0.1231299	0.22795826	0.3116646	-0.17349543	0.014679177	-0.09981251	0.25348058	-0.10456475	-0.03606332	0.06978405	-0.0455247	0.045188736	-0.030393071	-0.17957439	0.16003022	0.1664833	0.3189056	-0.1967962	-0.023952745	0.00434505	-0.17199847	-0.014056347	0.09770839	-0.1369835	0.07455116	0.15397073	-0.10394872	0.09659346	-0.41495448	0.1057814	0.052874945	-0.4960903	-0.030396719	0.13745478	-0.23346275	0.075089574	-0.2270662	0.088786095	0.3413137	0.0069816425	0.09271474	0.013073678	0.103376344	0.2819295	-0.06794028	-0.06565297	0.12421923	-0.15049855	-0.23842049	-0.03961738	0.13987514	-0.23558699	-0.39194325	0.2892088	0.37126353	0.08170967	-0.022810632	0.22827113	0.04790395	0.018704984	-0.08588467	-0.041916218	0.08460741	0.1211075	0.10173739	0.018140579	0.004362064	0.051737454	-0.08600765	-0.20714813	0.13595283	0.10251107	-0.06360705	-0.08961778	-0.18589005	0.2893152	0.043515116	0.045826305	0.27295575	0.03914073	-0.08656675	0.13941549	-0.08023493	-0.27681136	-0.0059984396	-0.19639109	0.09537199	0.3280927	-0.032874264	0.18778528	0.3700377	-0.01731676	-0.1546276	0.0045475857	0.1693759	-0.0890159	-0.13737784	-0.21660404	0.09315462	-0.011253848	0.23240241	0.25261366	0.25920576	-0.16128175	0.0065973783	0.00986063	-0.18785104	-0.4201934	0.097633496	-0.28429732	0.08694729	0.06597718	-0.2538759	-0.17585194	-0.16653763	-0.10593815	-0.14009044	-0.25697625	0.15425718	0.08310528	0.22564407	-0.11520215	-0.056540933	0.33860764	0.0862879	0.14612179	0.04988896	-0.15920319	0.41778988	-0.2924706	0.066254236	-0.14886306	-0.004112209	-0.15998724	0.061798178	0.04029545	0.13163267	-0.19137372	-0.007846503	-0.011218338	-0.035947233	0.25518376	-0.05154882	-0.23382398	0.023195276	-0.22040603	0.14411677	-0.26492137
GS3.1_42	0.15337004	0.012335964	0.0805305	-0.061887123	-0.54308355	-0.08982847	-0.14277932	0.11207116	0.87858236	-0.324129	-0.01996799	-0.06846934	-0.025740292	-0.1699269	-0.16948032	0.08890535	0.020183936	0.08691545	-0.06851006	0.068385616	-0.17848143	-0.2934697	-0.0014893917	0.052207243	0.08355529	-0.33813164	-0.21552324	0.030452704	0.24612057	-0.0025884053	-0.10056168	-0.07390812	0.27213678	0.28105155	-0.1147134	-0.026374904	-0.053464253	-0.101192646	-0.16937321	-0.15993969	-0.11030453	0.10472198	-0.09875402	-0.15553997	-0.15320866	0.058487695	-0.07003416	-0.087235525	0.0893125	-0.28745395	0.057603523	0.073456936	0.32826105	0.021166647	-0.024741204	0.2903531	-0.29277033	0.009224804	0.404096	-0.07642853	0.089641795	-0.047939774	-0.29598153	0.22488989	-0.054953523	0.007853591	0.017351333	-0.12198918	0.008269159	0.12999739	0.06101162	-0.026545182	-0.09953565	-0.005954118	0.09837235	0.17055814	-0.17319924	0.34305805	0.00501979	0.016232619	-0.14058745	-0.023388699	0.34926638	-0.32337052	-0.055787828	-0.09489168	0.29842058	-0.11051082	-0.22328505	0.19596739	-0.18509446	0.29499486	0.12005621	0.03236694	0.31810728	-0.035197504	-0.07519924	-0.06611843	-0.03796532	-0.0252311	-0.28011864	0.20989344	0.19495285	-0.12880395	-0.07648176	0.024990572	0.24122171	-0.084160864	-0.11464679	0.072234996	0.0943473	0.060909584	0.10144361	0.18681654	-0.11377119	0.15495571	-0.13852407	0.06351149	-0.24863793	0.010042232	0.05201857	0.13541618	0.20868827	-0.089712486	0.25980735	0.400983	-0.092121	0.23002365	0.07268968	0.34221992	0.22673574	-0.19177312	-0.3835681	-0.21368186	0.19039854	0.36482885	-0.037197836	-0.07031574	0.32907242	0.03486196	0.17578095	-0.37727866	-0.30089086	-0.10379336	0.019187445	-0.13301429	-0.1270399	0.4495918	-0.014942718	-0.16972111	-0.15878609	-0.06589613	-0.15835565	0.06811131	0.016120305	0.1344211	0.13177645	0.17821656	-0.13897811	-0.018134048	-0.25855404	-0.16916011	0.09181015	-0.32344967	0.2634038	-0.17981723	0.006361966	0.022111472	-0.21762805	-0.2738023	-0.17851648	-0.03939239	-0.05356515	-0.122995175	0.20523047	0.083391115	0.09264429	0.4019723	-0.21404749	-0.2118689	0.32811773	-0.12288253	0.052175414	-0.18017633
GS3.1_139	-0.3566194	-0.16606791	-0.0051668347	0.039451156	0.5024842	0.055786464	0.05116413	-0.1370791	-0.324129	1.1151816	0.11073484	0.047604594	0.13878231	0.30955154	0.33732405	-0.29296422	-0.28486064	0.0048077763	0.28073856	-0.042510536	0.35880652	0.38387287	-0.09529542	-0.24608313	-0.0971392	0.5975195	0.38691163	-0.032067724	-0.60548913	0.11315202	0.04280348	0.080761805	-0.25429735	-0.4670785	0.15384045	0.18349041	0.10429089	0.24960005	0.32600656	0.28765324	0.18360487	-0.46579948	0.2536542	-0.05352329	0.10779293	-0.048599236	-0.011837651	0.5080204	-0.071874455	0.25404766	-0.08677621	-0.08067478	-0.6035915	-0.34290266	0.0435283	0.14058012	0.14985661	0.0024950386	-0.46827096	0.13647062	-0.16206749	-0.17493619	0.77730966	-0.54058766	-0.10917376	-0.091830865	-0.21982579	-0.012477322	0.07493693	-0.084312186	-0.33232778	-0.08862506	0.20958205	-0.0151234055	-0.17391439	-0.4445539	0.39929083	-0.5069183	-0.068638235	-0.049992543	0.0663825	-0.02144233	-0.1566745	0.72757703	0.08266395	0.17614342	-0.111522175	0.097847775	0.07689576	-0.14886495	0.239539	-0.5548078	-0.29559806	-0.20231144	-0.04440665	-0.040774595	0.23282105	-0.087010615	0.33454838	0.28249982	0.4090978	-0.5761565	-0.49925274	0.4093754	-0.04407433	-0.29489464	-0.44554526	-0.04544902	0.105212525	-0.41676185	-0.34267712	-0.011403989	0.09322834	-0.37053683	0.120388836	-0.076698445	0.032247294	0.2596368	0.012999636	-0.14936653	-0.08105949	-0.16712284	-0.33497903	0.32093823	-0.35620785	-0.13372618	0.285832	0.05108076	-0.249683	-0.42444134	-0.3092905	0.124890625	0.62168473	0.32571515	-0.4847697	-0.10731831	-0.27371618	0.11602368	-0.18727615	-0.3215551	-0.35598394	0.5553611	0.71190405	0.08959457	-0.001119701	0.09917543	-0.064988345	-0.3148863	-0.27934057	0.34047922	0.064226404	0.023292221	0.094429545	-0.26232222	0.09439022	-0.027888898	-0.21626087	-0.3981212	-3.946616E-4	0.40295985	0.3539817	0.29624343	-0.036789373	0.72940373	-0.5200848	-0.1425968	-0.21256033	-0.28826585	0.6361145	0.20783047	0.5131714	-0.07294304	0.3574272	0.36453053	-0.5062682	-0.10759211	-0.007037564	-0.5250604	0.06808941	0.18485333	-0.20740269	0.1462489	-0.037957706	0.22677743
GS3.1_182	-0.18912444	-0.06736085	0.01435334	-0.14396709	-0.070349425	-0.14538203	-0.016793568	-0.031347994	-0.01996799	0.11073484	0.61887	0.33745947	0.06577088	-0.03036419	0.00976445	0.05136094	-0.050675254	0.14274476	0.09537672	-0.008971995	0.2521507	-0.050763473	0.028843747	0.11062395	0.053687014	0.2900483	0.34119952	0.13289988	-0.10988181	0.2679707	0.29224277	0.019535637	0.0655267	-0.029183352	-0.03762595	-0.008970662	0.08300948	0.061416194	0.10412759	-0.022285394	-0.0063182046	0.05805914	0.02218606	-5.5916497E-4	-0.09417867	0.013596014	-0.150909	0.07286825	0.08127314	0.22932467	0.039512467	-0.035675295	-0.14835896	-0.06891363	-0.16588019	0.019565154	0.22219689	0.24303794	-0.014860203	0.080693014	-0.09685818	-0.082966834	0.06336345	-0.031069612	-0.27124655	0.027830446	-0.12630343	-0.102917396	0.012321813	-0.13027303	-0.19427177	0.008243095	-0.025436927	0.028443439	-0.076669276	-0.17654538	0.10042763	0.020568723	0.021221476	-0.0952789	-0.034610674	-0.15627728	-0.11450473	-0.05019465	-0.03843815	-0.02582774	-0.08748769	-0.27725083	-0.18432795	-0.08183272	0.04696873	-0.16467269	-0.13231577	-0.036386184	-0.040576123	-0.0017599807	-0.0788676	-0.1210664	0.017597374	-0.016426286	0.015380622	-0.13314663	-0.07179321	-0.09878225	-0.08505498	0.050261814	-0.08652035	-0.116141506	0.060984243	-0.16058318	-0.18099052	0.0756953	0.15295668	-0.016805325	-0.08983123	0.026194686	0.21867411	-0.029845953	-0.08609633	0.052933484	-0.037397847	-0.028520186	0.061026756	0.014851951	0.036458295	-0.074606985	-0.08739967	0.07888861	-0.13732405	0.08988812	0.027504208	0.06516801	0.048444927	0.021270951	-0.10600551	0.13252945	-0.08839252	-0.05432781	-0.12213574	-0.08123749	-0.25045756	-0.06759836	0.0820167	-0.182459	0.05210695	-0.0817776	-0.16756779	-0.07090357	-0.07344902	0.0068470375	-0.01796917	-0.088633	0.14115587	0.073760584	0.050395314	0.025733098	-0.046809867	0.018920459	-0.030169267	0.034110297	0.2765849	0.06606085	-0.017178083	-2.9718198E-4	-0.102368146	-0.16775958	-0.12305727	-0.17538103	0.49531123	0.21686104	0.3386151	0.022980154	0.10192137	0.02300356	-0.094981775	0.03811473	0.16049172	-0.14325352	-0.11445229	0.15127695	0.15626058	0.01832901	0.032988973	-0.031182868
GS3.1_63	-0.24398698	0.07078218	0.18180212	-0.010232298	0.09055127	0.07635632	-0.0061682714	-0.04300836	-0.06846934	0.047604594	0.33745947	1.0303556	-0.011381345	0.08777204	-6.4603204E-4	-0.28350988	-0.15288843	-0.15141484	0.07069208	-0.04275088	0.58983326	-0.0329323	0.09461665	-0.12415227	0.0022828823	0.61516637	0.7178905	-0.15168102	-0.19619009	-0.08018612	0.5552223	-0.034913123	-0.37108898	0.043628618	-0.16848186	-0.08803229	-0.20770638	0.06332386	0.035441536	0.034320813	-0.071485676	-0.17425345	0.02828756	0.038510367	-0.06967863	-0.17759468	-0.18122296	-0.20102286	0.0993538	0.42293236	0.17869805	-0.07194809	-0.047647443	0.085047044	-0.103574224	-0.06402359	0.41832384	0.35274804	-0.10947442	-0.18480091	-0.12274505	0.019932391	0.089572825	-0.13135834	-0.14553	0.020247007	-0.119899124	-0.021663096	-0.07412973	0.0144366985	-0.059912764	0.24107637	0.062578164	0.2650923	-0.21497534	-0.08096554	9.7570993E-4	-0.30064708	-0.09131941	-0.0650572	0.05301006	0.033731926	0.028541027	-0.0050226366	0.08691137	0.01738016	-0.04740375	-0.15916131	-0.014524451	-0.20470244	0.30755234	-0.005429254	-0.068059646	-0.22448157	-0.012754963	-0.0767785	-0.035531737	-0.029465944	0.1729028	0.09454978	0.06504129	-0.15663823	-0.13302892	-0.036653608	-0.011588887	-0.18581611	-0.17548876	-0.062188867	-0.1391719	0.18329388	-0.20458321	0.020062061	-0.09147316	-0.016522417	-0.11315816	0.040072314	0.5389388	-0.11731697	-0.07482459	-0.24524449	-0.01110358	-0.0072291684	0.057293374	0.09519145	-0.22433677	-0.1672909	-0.0028088067	-0.29243812	-0.11926686	-0.19447914	0.15105	0.123632334	0.07327286	0.033039358	-0.23440546	-0.2499836	-0.25250223	-0.015624531	-0.061750557	-0.14939222	-0.16176794	0.05258138	0.08105985	-0.19301744	0.277274	0.015528447	-0.23148994	0.09602527	-0.21559168	-0.047508664	-0.04209938	-0.1366778	-0.13802648	-0.24717997	-0.13310432	-0.039048724	-0.08163517	0.096880935	0.11606158	0.07265068	0.5997332	-0.037480194	-0.02660178	0.060144905	-0.011862814	-0.12650593	0.09197245	-0.1257274	0.49727267	0.41573295	0.55154693	-0.07814813	0.15576284	0.15841222	-0.11237241	0.072335936	-0.11143361	-0.10243598	-0.030695988	-0.17175138	-0.18492928	-0.0037981686	0.15886344	-0.05295323
GS3.1_47	-0.1731027	-0.12602718	0.12415588	-0.13877802	-0.14528736	-0.14425056	-0.14988181	-0.006036881	-0.025740292	0.13878231	0.06577088	-0.011381345	0.7803011	-0.041720144	0.1859417	-0.17844103	-0.15243298	0.13603745	0.08813539	0.24399973	0.04051116	-0.27093706	0.12633675	-0.21260265	-0.0400027	-0.06680291	0.010655459	0.09158553	-0.045614947	0.22325048	0.00850594	-0.20319097	0.06894779	-0.15026481	0.12706207	-0.041381557	-0.09700936	0.25240627	0.34640223	0.12713274	-0.120213464	-0.02612657	0.1888921	-0.06904855	-0.16130385	0.057816256	-0.09343941	0.48119053	0.23488805	-0.13613139	-0.004315627	0.13424875	-0.050402775	-0.08916106	-0.07034585	0.09639091	-0.07108782	-0.008387149	0.034005996	-0.14373998	0.041421875	0.22454332	0.040730447	-0.041586567	-0.30365613	0.13446894	-0.16418168	-0.22340453	0.15624265	0.11494975	-0.111908816	-0.046174776	0.08821705	-0.03546883	0.10275244	-0.1862933	0.2954084	0.084588446	0.23732899	-6.0411537E-4	-0.20249	-0.11245596	0.15782927	0.19938482	-0.10477563	-0.05302224	0.03641978	-0.19304028	-0.30668294	0.03813459	0.121847965	-0.054607842	-0.17423868	-0.029530512	0.043776628	0.09664132	-0.023585543	-0.15138347	0.119423546	0.056983743	-0.06988727	-0.07541688	-0.13315342	-0.055444952	-0.15290456	-0.14899522	0.018799879	-0.16783394	-0.12796916	-0.111653075	-0.2585362	0.07601435	0.13117912	-0.05960102	0.15710053	-0.050709598	-0.11147382	0.10352105	-0.010764905	-0.22137165	-0.036799673	-0.15841053	-0.0564216	0.049276583	0.12420625	0.044702295	0.24817319	0.07581603	-0.13364251	0.03781965	-0.019490136	-0.22392522	0.13077289	0.12865606	0.0012365002	0.07103068	0.051812213	0.08637591	0.050515246	-0.120984934	-0.19930781	0.037767317	0.19158499	-0.35962072	-0.011354927	-0.2201975	-0.06999878	-0.03845929	-0.16232316	0.035095986	-0.059840485	-0.19181855	-0.08424782	-0.17361951	0.16557294	0.16852495	0.15112528	-0.10543784	-0.23593971	0.16282305	0.022293212	0.3393842	0.5137009	0.11428397	0.027414476	-0.2914103	0.05709929	-0.23123549	0.28314963	-0.11974131	0.14808816	0.04140488	0.11818007	0.11876521	-0.0016658413	-0.056411166	0.17920344	0.022576686	-0.1718716	-0.045043956	0.026711363	-0.06265803	0.067411624	-0.0023408434
GS3.1_6	-0.067226075	0.052560378	0.035722706	0.026696526	0.28605962	0.079076156	-0.024943663	-0.2590349	-0.1699269	0.30955154	-0.03036419	0.08777204	-0.041720144	0.679061	-0.061191373	-0.11797597	-0.006668624	-0.003846272	0.09862911	-0.075262494	0.025879692	0.31534302	-0.12849441	-0.0051763845	-0.050051633	0.114139125	0.03748001	-0.12416124	-0.17270146	-0.041625954	-0.0016595846	-0.074265696	-0.13249172	-0.09027264	-0.117934935	-0.047799118	-0.04480054	-0.18411142	-0.128804	0.16878958	-0.015677465	-0.13659513	-0.050642356	-0.02604248	0.12255278	-0.12863156	0.0057381173	-0.06568824	-0.0878586	0.2539062	-0.025112245	-0.13763133	-0.1951962	-0.04173755	0.06147233	0.044014543	0.089442514	-0.011882132	-0.19205579	0.107091375	-0.020306224	-0.12916651	0.33125702	-0.20109862	0.1819068	-0.16186406	-0.06318045	0.28625035	0.12897028	-0.03854282	-0.09160443	-0.10188557	0.1513153	-0.027924864	-0.15210302	-0.09640727	0.020111814	-0.2381779	-0.14330281	-0.13327672	0.107272714	0.0671279	-0.052848015	0.2559205	0.14908019	0.06505955	-0.12381905	0.17168032	0.45011473	-0.15323238	-0.13907805	-0.24264182	-0.017600648	-0.17638898	-0.08877801	-0.1642509	0.1878216	-0.042655986	0.07786467	0.10741065	0.02824101	-0.1799676	-0.06795192	0.27955064	0.033478435	0.033576235	-0.13710152	-0.027817287	0.02067222	-0.01125701	-0.023898339	-0.117307596	0.0016046572	-0.06186275	-0.12944178	-0.050630018	0.10207995	-0.05618021	-0.011210519	0.13867489	-0.06726667	-0.008446632	-0.1132629	-0.05490694	-0.11093651	-0.20549105	-0.026767964	-0.052623507	0.054820906	-0.23031504	-0.05334935	0.06160961	0.16954371	0.29423097	-0.20277442	-0.0773816	-0.26182163	-0.0086732395	-0.19325735	-0.1811858	0.0056465114	0.28589004	0.3027861	0.32603833	-0.02496271	0.29187867	-0.046896704	-0.019802205	-0.0318965	0.15915143	-0.029714873	-0.037683565	-0.010704687	0.025133815	-0.10129834	-0.21035409	-0.1560525	-0.043188374	0.036414575	0.10176698	0.033114705	-0.0346009	-0.12097779	0.367787	-0.1842406	0.040236127	-0.06401445	-0.00806993	0.051129133	0.24918205	0.17219669	-0.11580199	0.14300317	0.28859708	-0.12818833	-0.050012514	-0.0068008765	-0.20258224	0.11993636	0.1282705	-0.036558133	0.24000894	-0.02188463	0.20037735
GS3.1_148	-0.48009112	-0.3490167	0.122125626	0.02174655	0.15625115	0.2803075	-0.16451253	0.22286548	-0.16948032	0.33732405	0.00976445	-6.4603204E-4	0.1859417	-0.061191373	1.2906969	-0.48327228	-0.64558184	-0.030704927	-0.18735014	0.1837389	0.484393	-0.1454916	0.59490716	-0.44518277	0.02530657	0.29600805	0.4977334	0.14327589	-0.4028177	0.07855023	0.05186306	0.008363435	-0.074065894	-0.47636002	0.68424016	0.12294333	-0.08558915	0.48715016	0.679778	-0.09896714	0.019349523	-0.23123085	0.8958144	-0.07718739	-0.08042091	0.060999602	0.037720226	0.54497296	-0.10861282	-0.03632846	0.08338623	0.025984915	-0.32648933	-0.72900814	-0.058199804	0.49966192	0.0051262793	0.0028559808	-0.42300665	0.006106123	0.28010142	0.21213399	0.2775551	-0.4791227	-0.77809453	0.048840195	-0.3729933	-0.70368624	-3.747416E-4	0.20175739	-0.63184303	-0.025654621	-0.1986866	0.2849343	0.31681192	-0.444824	0.5573044	-0.334802	0.27615088	0.14437568	0.013609243	-0.045012727	0.062548645	0.4034416	-0.118754864	0.06498852	2.6477288E-4	-0.14799796	-0.5236668	0.17254752	0.59936184	-0.3942088	-0.5364517	0.08688724	0.6464575	0.038259156	-0.1364671	-0.38620573	0.66415215	0.7077838	0.46953502	-0.3266193	-0.28111497	0.07310027	-0.19072987	-0.4026092	-0.40965572	-0.029735852	-0.027411647	-0.54943	-0.6881521	0.5324994	0.046689346	-0.14567171	0.55153733	0.13810864	-0.1331995	0.72096735	-0.0848355	-0.4007641	0.046997324	-0.5846842	-0.28802496	0.65882564	-0.28264627	0.12226581	0.6589663	0.07805043	-0.38667423	-0.30044475	-0.13682139	-0.10147204	0.33183298	0.032127284	-0.41426376	-0.14000358	0.23822995	0.30844113	0.021569697	-0.52932894	-0.38541585	0.43613437	0.23756608	-0.6611471	0.21318826	-0.37942877	-0.15066648	-0.010479753	-0.5094254	0.07055234	-0.097969726	-0.07278481	-0.05761365	-0.43745038	0.20070815	0.119946115	-0.12058049	-0.33970386	-0.06536222	0.5079425	0.49319175	0.55037403	0.07674106	0.22072256	-0.089240015	-0.665967	0.05513734	-0.54932904	0.48777714	-0.13038912	0.38877702	0.0985345	0.7272983	-0.11052114	-0.36121765	0.1177368	-0.07316519	-0.2465347	0.0025850427	-0.010395963	-0.13613398	-0.1616027	0.23824441	-0.19395009
GS3.1_99	0.3001378	0.25702572	-0.23822036	-0.06788885	0.009509126	0.08357469	0.2024499	-0.19616985	0.08890535	-0.29296422	0.05136094	-0.28350988	-0.17844103	-0.11797597	-0.48327228	1.1280963	0.4523084	0.088996165	0.09829805	-0.2449151	-0.65041214	0.33874494	-0.22123134	0.6035097	-0.040132813	-0.33346248	-0.5574825	0.10781041	0.27826235	0.11442221	-0.170035	0.25961187	0.36753523	0.30320832	-0.59582895	0.092680134	0.37960586	-0.5436939	-0.68534464	-0.07535471	0.20281148	0.50596154	-0.5608148	0.0010423074	-0.02995138	0.020809555	-8.455897E-4	-0.4693321	-0.13576984	0.050347414	-0.28493598	-0.21378137	0.2093724	0.33763647	-0.08443176	-0.22879958	0.052618932	-0.20410386	0.19415995	0.22412781	-0.10024559	-0.1917995	-0.36766738	0.28466976	0.68404174	-0.19528966	0.25253844	0.4663604	-0.24131875	-0.32143116	0.31328076	-0.19985025	-0.0069760308	-0.1492997	-0.13322075	0.27612233	-0.5140067	0.4358701	-0.11973607	-0.11983866	0.0059695696	-0.12809534	-0.2582321	-0.35270208	0.1893937	-0.015428279	-0.16210404	0.066314384	0.45466644	-0.11690125	-0.66714096	0.12996499	0.32027358	-0.082635835	-0.25899276	-0.011375938	-0.0724024	0.36294916	-0.5222314	-0.58657956	-0.20338024	0.17312513	0.2993357	-0.13663831	0.20561443	0.54084384	0.33713302	0.06221404	0.23803006	0.15925667	0.4443072	-0.17612688	0.10518558	0.11505223	-0.6254415	-0.12447855	-0.06104763	-0.48655832	0.028684117	0.6728368	0.014345815	0.49184608	0.16653863	-0.5755238	0.26269412	-0.18062109	-0.5770105	0.13928802	0.3317466	0.48237395	0.1280105	0.20154195	-0.27772632	-0.04715796	0.26105168	0.29657876	-0.0314239	-0.3776155	-0.18888415	0.51192695	0.1786703	-0.3769725	-0.35169858	0.5955364	-0.116756625	0.37666887	0.0960076	0.028317766	0.61535126	0.02162325	0.055716183	0.050829086	0.31722724	0.59302115	-0.023821358	-0.10169048	0.039249983	0.283646	0.07541501	-0.6740573	-0.5225635	-0.52110416	-0.24603987	-0.3454677	-0.010881219	0.51029146	-0.21516867	0.6192202	-0.5301851	-0.01045473	-0.63743484	-0.07675524	-0.636608	-0.19830567	0.24376224	-0.11584663	0.13768268	0.21359552	0.029466951	0.29885003	0.33487156	0.022312805	-0.14904708	-0.03915289
GS3.1_134	0.43367592	0.24390112	-0.20329112	-0.0018432351	-0.02651844	-0.1916746	0.12364018	-0.2507001	0.020183936	-0.28486064	-0.050675254	-0.15288843	-0.15243298	-0.006668624	-0.64558184	0.4523084	1.0081111	-0.09220725	0.1411085	-0.19138929	-0.5349366	0.22120275	-0.40472946	0.45981348	-0.05584643	-0.36353615	-0.62153727	0.013248643	0.29894295	0.005862778	-0.15927188	0.036406137	0.10154213	0.36321178	-0.53894675	-0.060967546	0.15896481	-0.47292235	-0.515256	0.10396241	-0.029952446	0.2816614	-0.600583	0.16232492	0.11454862	0.034098245	0.04205428	-0.39289343	-0.049813174	-0.08387979	-0.18514584	0.0013415405	0.09137549	0.4934575	-0.027556347	-0.40362182	0.002731094	-0.0919022	0.22187515	0.072546184	-0.14799249	-0.22507279	-0.30642694	0.3124155	0.64624715	0.052430395	0.33648103	0.6551914	0.034318667	-0.20189728	0.6272956	-0.02763404	0.15142901	-0.23359264	-0.24312091	0.3820808	-0.47488663	0.34712833	-0.11919859	-0.158093	-0.03831553	0.0367809	-0.27060878	-0.34290493	0.2138908	-0.037488203	-0.10957317	0.053613894	0.47112745	-0.14218532	-0.58012795	0.2382301	0.43615323	-0.025756296	-0.49683014	0.090549655	0.13206345	0.18376791	-0.58750534	-0.6466019	-0.45776248	0.3408783	0.23277315	-0.22207437	0.18431282	0.41402814	0.27805555	0.0045999936	0.03192201	0.36606523	0.62746793	-0.37499735	-0.051782034	0.16790754	-0.42244396	-0.06406915	0.057292707	-0.5007888	0.1366935	0.39415002	-0.0010241767	0.43108973	0.12455884	-0.60594106	0.26355284	-0.16489054	-0.6791125	-0.059576258	0.38477558	0.25250465	0.011915295	0.08974609	-0.2826743	0.09674666	0.38404292	0.097542785	0.00568391	-0.30172244	-0.10132242	0.5611204	0.20074175	-0.40516916	-0.17892785	0.61550224	-0.25916633	0.3136274	0.1640291	-0.117280744	0.56703866	0.073789336	0.22042862	0.24410452	0.1479265	0.5119243	-0.03727385	-0.10107839	-0.097298406	0.30609134	0.06540763	-0.5866017	-0.46985465	-0.40049294	-0.20828658	-0.304239	-0.0045193294	0.72917986	-0.16470161	0.5404279	-0.44952118	0.04675938	-0.5201385	0.0036646747	-0.65378004	0.09151404	0.2945105	0.00918249	0.0049216403	0.043490164	-0.0042614783	0.08743636	0.050926827	0.18430874	-0.24695317	0.19791147
GS3.1_39	-0.09233281	-0.13595153	0.103477165	-0.17970659	-0.3004952	-0.1915845	-0.054865118	0.009911919	0.08691545	0.0048077763	0.14274476	-0.15141484	0.13603745	-0.003846272	-0.030704927	0.088996165	-0.09220725	0.61189383	0.020780837	0.047302168	-0.054525267	-0.26625165	0.007951549	0.069350354	0.046591956	-0.25436443	-0.02004672	0.23773491	0.029402604	0.23461936	-0.101932265	-0.16429585	0.25911227	0.036589965	0.049499348	-0.08010769	0.08345427	0.12311317	0.12002824	-0.08031819	-0.14730921	0.112158015	0.08611873	-0.12559426	-0.13116254	0.04681221	-0.13433	0.25451374	0.13957895	-0.1792496	-0.051391486	0.03455675	-0.02274267	-0.020777225	-0.041243345	0.1271037	-0.20972331	-0.02410098	-0.01322861	0.1298589	0.062221855	-0.0016142073	0.010667558	0.028080098	-0.13428502	-0.0535866	-0.098686025	-0.33810452	0.2561113	-0.0031792608	-0.11552858	0.0411356	0.03188754	-0.10066674	0.07904161	-0.20543401	0.16974562	0.2090052	0.101228766	-0.048745077	-0.1370837	-0.15543148	0.15398297	-0.06221234	-0.09553882	-0.035511475	0.02163737	-0.13202119	-0.3757656	0.112844154	-0.058504526	-0.0779444	-0.14795211	0.080960505	0.0368143	0.042686384	-0.020965131	-0.09564152	0.16368307	0.13089854	-0.1286028	-0.015845554	0.015345332	-0.054766368	-0.13964143	0.09872598	0.020777937	-0.06391184	0.09057841	-0.22785746	-0.07332548	0.053312074	0.34284264	-0.065739155	0.013877855	0.08484369	-0.230402	0.06847425	-0.14681824	0.076956026	2.3045894E-4	-0.09736387	0.06916364	0.10488714	0.13284846	0.0046297545	0.07733409	0.3038254	-0.06349109	0.20025589	-0.027105965	-0.100309744	0.052545458	-0.10059309	0.0077884397	0.2799972	0.05674072	0.06888021	0.03369752	-0.14392611	-0.0482653	-0.08823175	0.0662276	-0.25673687	-0.008203319	-0.19378777	-0.09075982	-0.009347002	-0.14224342	-0.07977171	-0.1648507	-0.14234777	0.113068506	0.041398544	0.11229513	0.10348361	0.14454813	-0.124319635	-0.12043262	0.24556307	-0.06931767	0.15440826	0.19226982	0.048323095	-0.049771298	-0.33369142	0.042845905	-0.09655699	0.078834176	-0.21354893	0.13344462	-0.015385383	0.16810189	-0.15827352	-0.0023675167	0.01828745	0.4229055	0.017271938	-0.12121098	0.12522745	0.31525043	-0.027318679	0.053371474	0.017312855
