##Centered_IBS.SumPk=63.91029892137546
##Matrix_Type=Centered_IBS
155
GS1_1	1.0635804	0.026126891	-0.21913955	-0.109377004	0.04184105	-0.35637423	-0.44929162	0.080335	-0.16943103	-0.39710313	0.2654461	-0.29341167	-0.34415382	0.091101535	-0.48483047	0.37590504	0.49650177	0.6856984	0.33416915	-0.0037381814	0.3156699	-0.47434533	-0.11025753	-0.24624471	0.0640142	0.002955193	-0.0358088	0.0600643	0.06677141	-0.24070564	-0.24910995	0.0340663	-0.013897397	0.11105676	-0.009877885	-0.0326707	-0.36212593	0.28272897	0.015787855	0.0017366302	0.085513435	0.33847803	0.054647397	0.10974364	0.5577928	0.53716075	-0.21113454	-0.16613214	-0.11581999	-0.20043536	-0.21197346	-0.09427696	-0.3981676	-0.3927726	-0.057915963	-0.1900908	-0.21749964	-0.122648224	0.052099355	-0.30290863	-0.2667097	0.13807906	-0.1701882	0.48242778	0.079078145	0.038487084	-0.0049311304	-0.10874538	0.4026082	0.35555205	0.13761774	0.54804665	0.08595199	-0.55289996	0.016620375	0.048155375	-0.09556323	-0.15886141	-0.4025601	-0.16411239	0.028224964	0.01881436	-0.020272555	-0.266045	-0.21219794	0.06449492	-0.37380546	0.084761314	-0.4792603	-0.061586794	0.32590798	-0.038843133	-0.016794475	0.14015983	0.345347	-0.29424584	-0.14520998	-0.22191446	0.07117779	0.6148016	0.21275277	-0.0041474574	0.084929496	0.04141064	-0.09927861	0.004985554	0.2308649	0.32762662	-0.0043375487	-0.16035676	-0.058676124	0.3361701	-0.15966445	-0.075704284	-0.1601881	-0.5034518	-0.1098615	0.2259221	0.21057051	0.5367243	-0.281634	-0.13227463	0.27675533	-0.007275135	0.25783598	0.03417163	-0.42766	-0.069346115	-0.018278163	-0.46615762	0.060542896	-0.37549132	0.07165357	0.45996234	0.02264144	0.30015635	-0.45889783	0.30557123	-0.060406193	-0.35652173	-0.02395283	-0.101531744	-0.08150319	0.43760043	0.101079784	0.18179677	-0.23458417	-0.16271442	0.122891754	0.15415062	-0.20813054	0.5232945	-0.08579304	0.3650646	0.16180274
GS1_10	0.026126891	0.90187055	-0.2598317	-0.061051887	0.1172926	-0.08732365	-0.055837713	-0.03447877	0.024611244	-0.16666149	-0.14955218	-0.15552524	0.048444618	-0.13249752	0.23114643	-0.10411265	-0.032994293	0.09366751	0.29928368	0.10883259	0.06337053	-0.3262368	0.28914478	0.08809167	-0.2655452	-0.15239872	-0.10969549	0.26469728	0.256304	-0.099830315	-0.34937894	-0.016607398	0.031030785	0.19842856	0.006232602	0.10099711	0.028070524	0.07733806	-0.02262693	0.0789835	-0.12556121	0.04002102	0.079955034	0.043515246	0.023607537	-0.24029222	0.14921929	-0.16767313	-0.031045783	0.029467788	-0.08668939	0.13671102	0.09088855	-0.3377974	-0.04703403	0.30923918	0.23440263	0.026565228	0.0644773	0.3170452	-0.4656599	-0.11668923	0.29800838	-0.11547586	0.10321109	0.17567465	-0.13020492	0.04480557	0.23690258	-0.15632203	0.21811764	-0.03927018	0.0712385	-0.11648885	-0.10750074	-0.050820675	-0.1605973	0.1320194	0.3317734	-0.02821038	-0.08469302	-0.11627957	-0.10817977	-0.17831652	0.096155405	-0.19768257	-0.017668044	-0.05484937	-0.24345066	-0.057003494	-0.095178	0.09743625	-0.23853977	-0.09010218	0.25722057	-0.33680168	0.02177113	0.26305044	-8.0499746E-4	0.13517104	0.14439742	0.05739798	-0.1779568	-0.065760694	-0.17583308	0.008482674	0.010615396	0.16882157	0.055143364	-0.025857905	-0.06520145	-0.031151395	-0.052635763	-0.044162557	0.043591734	-0.10450827	0.010505736	0.19201188	0.050021816	-0.04997857	0.013577401	-0.26072377	0.271118	0.068344	0.1579123	0.05698229	-0.11757866	-0.3062112	0.0078103524	-0.06337914	0.13589329	-0.20206797	0.005851115	-0.013368786	0.29764464	0.30148557	-0.16187863	-0.20426583	-0.08517176	-0.18112873	0.13082694	-0.028967457	-0.09971739	0.1726778	-0.27283928	-0.15618102	-0.1275542	-0.07245816	0.12170204	0.080847	0.097451985	0.3326423	-0.1116367	-0.042151794	-0.12999637
GS1_100	-0.21913955	-0.2598317	1.2945285	-0.0667727	-0.015306436	0.27539727	0.13149622	0.18311352	-0.20054711	0.23305045	-0.10169894	0.39748353	0.2448093	-0.14133465	0.105025604	-0.18474641	0.13340116	-0.16292349	-0.79534984	0.02892987	-0.6311968	0.17966324	-0.26226512	-0.16911693	0.37209976	0.12251794	0.16860297	-0.06604805	0.14173898	0.36543483	0.51327723	-0.018875096	0.053720254	-0.11774333	0.30145255	-0.32942155	0.21073963	-0.63774174	-0.20571114	0.035667285	-0.06663319	-0.14761394	-0.1651163	-0.22091506	-0.04640374	-0.311745	-0.06757328	0.68600374	-0.07843	0.27423665	0.2574623	-0.10239146	0.30029988	0.45461404	0.29331923	-0.10780942	0.26181725	0.28285882	0.27824157	0.0066263652	0.37196207	-0.34619492	0.07507213	-0.242919	-0.15588567	-0.045371495	-0.107879624	-0.18985926	-0.26096877	0.028884165	-0.04297613	-0.11008447	0.12559967	0.4221186	0.08259534	0.03485194	0.1154537	0.097396344	0.15308483	-0.033624556	-0.24423859	-0.18665378	-0.1363229	0.23502415	-0.14597216	-0.21391466	0.085564785	0.34029114	0.42226678	0.23162343	-0.30964833	0.15089758	0.025851976	-0.43235427	-0.3272674	0.25326386	0.0687534	-0.115032785	-0.14826132	-0.23175348	-0.56276715	-0.27506676	0.0057215043	0.38544336	0.055623632	-0.15186584	-0.15829079	-0.36472076	-0.0022461007	0.28216285	-0.17629948	-0.116453476	0.25266746	0.2780775	0.14112775	0.21717298	-0.13892372	-0.36650744	-0.44732326	-0.56193197	-0.12743014	0.04676212	-0.22677824	0.1130171	-0.41280076	-0.1821202	0.28668463	0.79649425	-0.15740483	0.25898558	0.08488901	0.24093118	-0.067185275	-0.44377884	-0.07268342	-0.39733675	0.21288672	-0.178507	-0.24666478	0.40471184	-0.116545245	0.201338	0.0558065	-0.4746584	0.12839887	-0.1457356	0.5888827	0.47354397	0.03038559	-0.21025324	0.26559776	-0.5761131	-0.040727023	-0.28560165	-0.103192315
GS1_101	-0.109377004	-0.061051887	-0.0667727	0.7264992	0.0925256	-0.03727198	-0.12293219	0.13145119	-0.03012739	0.042059526	-0.0029344636	0.16887432	-0.01613825	-0.030477544	-0.028324524	0.32194752	-0.012142789	-0.11725117	-0.035798974	0.08605686	0.13513066	-0.053712107	0.27480108	-0.11716599	-0.07418899	-0.1372512	-0.05410368	-0.27774072	0.23314852	0.038303416	0.17947133	-0.26175374	0.0736589	-0.012651699	-0.07664013	-0.23075826	-0.047441483	0.0085640345	-0.18528251	0.03296801	-0.120649636	0.091695376	0.06387727	0.07894557	-0.0011594658	0.33772132	0.1524697	-0.08584543	0.08118027	-0.10643927	-0.08560116	0.09629709	-0.05479781	-0.3015882	0.19126295	-0.15531923	-0.012355244	-0.13865404	0.30438587	-0.2546818	0.11798396	0.21842317	-0.40251046	-0.3606222	-0.01675979	0.06650996	0.04843819	0.14619857	0.08458164	0.03635643	-0.21928598	0.041235242	-0.020372301	0.12016095	0.16392027	-0.33371475	0.28110984	-0.07131829	-0.17763935	0.041908164	-0.280254	-0.19792432	0.028172376	-0.43646523	0.024447601	0.28877217	-0.089375846	0.11953763	-0.12164381	0.010562575	-7.358528E-4	-0.019890064	-0.058574434	-0.025870604	-0.016368799	0.05876138	0.09573616	-0.046067	0.21909033	0.20296332	-0.024607576	-0.28324148	-0.24935094	0.15821165	-0.12390689	0.2154858	-0.051273536	-0.21336801	-0.21997453	-0.01639726	0.13575265	0.0951432	-0.28139743	-0.22833268	-0.26732522	-0.053974424	-0.14104825	-0.11439993	0.120747924	-0.11029552	0.051234063	0.2702617	0.17113274	0.27695867	0.0392637	0.016568327	0.09074675	0.071585916	-0.018278938	-0.04523334	0.10833271	0.0142571	-0.15973827	-0.09778973	0.069467545	0.10166851	-0.14405176	0.064347915	-0.06355608	-0.01920455	0.024510095	0.25920412	0.2823358	-0.0069469986	-0.05272237	0.4093793	2.1247404E-4	-0.11280255	-0.044782247	0.20580009	-0.19331284	-0.31639042	-0.029336372	0.44810763	0.035933565
GS1_102	0.04184105	0.1172926	-0.015306436	0.0925256	0.9606573	-0.043784317	-0.14667551	-0.064408354	0.3060087	-0.1088195	-0.056871645	0.25087905	-0.17474638	0.08660151	-0.14594944	-0.061675213	-0.2236493	-0.06275983	0.16138932	0.2501567	0.04261743	-0.046161585	0.269645	-0.08536571	-0.1918139	-0.18621896	-0.0794187	-0.14490685	0.20940518	-0.15622582	0.23774679	-0.06644003	0.09553904	0.54008377	-0.038979955	-0.23048025	-0.118125595	-0.2342363	-0.25596663	0.019544682	-0.007739268	0.029131636	0.27706215	0.24452624	-0.19701904	0.19036336	0.23825489	0.21899676	-0.28855702	0.08887444	-0.12631047	-0.083915554	0.1405159	-0.3409785	0.0423442	0.15805006	0.4489563	-0.10040932	-0.12617767	0.19262406	-0.09358032	-0.11825876	0.011860293	-0.274837	0.16290699	0.026471829	0.11857645	-0.19048338	0.189987	0.059553895	0.1512078	-0.10768355	-0.012821771	-0.09134554	-0.13630849	-0.24996799	-0.008631312	-0.13038309	-0.102916725	-0.03974446	0.19681238	-0.2109403	0.13938352	-0.14726993	-0.17141198	0.02164484	0.12115902	0.033206586	-0.30185646	-0.19752552	-0.1456139	0.01895432	-0.45490372	-0.44078717	-0.054789998	0.032663953	0.09708753	0.1492467	0.2082392	-0.13371858	0.074792616	-0.2443971	-0.054350935	0.024939792	-0.32951584	0.23868327	0.18646634	0.044611745	-0.11854243	-0.36872607	0.036249675	0.16584027	-0.0704368	0.124009155	-0.15748131	0.063104615	-0.19608544	0.002679118	0.1595923	0.351016	0.3697778	0.18542066	-0.04983683	0.06545217	-0.10965507	-0.054115772	-0.058172014	-0.10862673	-0.32366705	-0.114711106	0.031206312	0.14434777	0.19204475	0.019289313	0.3586628	0.26568836	-0.18807942	-0.36511374	-0.3871615	-0.011095204	-0.19136252	7.568544E-4	0.2742394	0.21966055	-0.045171853	0.16657889	0.19692625	0.17264059	-0.06178712	-0.12269047	-0.43611318	0.08233334	-0.12009836	-0.013749763	0.41901043
GS1_103	-0.35637423	-0.08732365	0.27539727	-0.03727198	-0.043784317	1.4076419	0.54014784	0.00903447	-0.40140307	0.36261478	-0.19602372	0.44564384	0.37858304	-0.08360569	-0.013729172	-0.6465045	-0.16762571	-0.7822471	-0.33334562	0.07880453	-0.27722028	0.3896612	-0.38497317	-0.17155199	-0.1953341	0.16185914	0.3214181	0.15821986	-0.0687718	0.08392279	0.29240665	-0.09387141	0.010463418	-0.091362916	0.20895109	0.04233943	0.21532653	-0.5480167	0.05973256	-0.11334368	-0.14179613	-0.26036355	-0.06300418	-0.14901787	-0.5036765	-0.3552263	0.01968931	0.06855109	0.10634868	0.6592087	0.15289862	0.027953474	0.1610845	0.5314363	-0.28891006	0.21588472	0.27739295	0.28521693	-0.05256516	0.4317467	0.46852726	-0.18907106	0.3868491	-0.4136962	0.10503327	0.07917971	-0.1762971	-0.24085061	-0.4616982	-0.41806713	-0.3420448	-0.067853905	0.02149447	0.33324432	0.033485793	-0.21174371	0.04632416	0.38642603	-0.06314991	0.18619205	-0.088240154	0.0933821	-0.02732426	0.26574355	0.019793626	-0.0075445436	0.34990847	-0.1900411	0.1972246	0.265636	-0.19020602	-0.15099105	0.05303096	-0.4316457	-0.09169523	0.11921753	-0.07387033	0.2589004	-0.22479603	-0.15679489	-0.36727622	0.0091459025	-0.036577456	-0.29304096	-0.058734827	-0.19488649	-0.18458699	-0.119748004	-0.0223203	0.11403742	-0.04280793	-0.2040644	0.1338398	-0.005206401	0.062390298	0.46314573	0.3706465	0.18986228	-0.41797075	-0.57862365	-0.10741263	-0.21134591	-0.25812894	0.044343006	-0.19914933	-0.28410575	0.5349716	0.14095484	0.3293134	0.03134492	-0.10107946	0.3774833	0.07794478	-0.26166385	-0.12943009	-0.38163614	0.33239096	-0.3728256	0.15806408	0.48356375	-0.088679716	0.028280122	-0.035676856	-0.24057122	0.1877944	-0.015283822	0.12309434	0.0670743	0.1796618	-0.24652857	0.46886712	-0.31417713	0.13526952	-0.44358993	0.25033662
GS1_104	-0.44929162	-0.055837713	0.13149622	-0.12293219	-0.14667551	0.54014784	1.0481324	0.0017786126	0.080677025	0.38990325	-0.23919751	0.2133868	0.3406051	-0.15888563	0.34270462	-0.5379043	-0.32005903	-0.7262055	-0.4211933	-0.09543152	-0.41623434	0.31493604	0.018585859	0.111658074	-0.023135955	-0.06770112	0.20382164	0.09962476	-0.20323429	0.13648157	0.22075182	-0.06770371	-0.03358223	-0.16951679	0.3128108	0.027106168	0.38593134	-0.3883709	0.16635332	-0.045895148	0.013943162	-0.23835203	-0.38803455	-0.46343058	-0.41951436	-0.43446127	0.00454438	0.0780272	-0.051871024	0.39589286	0.35270625	-0.017728575	0.10953017	0.50507313	-0.16450417	0.3176184	0.26150122	0.27671278	-0.22597946	0.394701	0.18956608	-0.45651093	0.49099493	-0.21806858	0.12569289	0.29560018	-0.14775594	-0.14605406	-0.4851983	-0.5878904	-0.26467532	-0.39195737	-0.13449885	0.216459	-0.11127314	-0.047205538	-0.09405069	0.34929407	0.38810414	-0.054238606	0.13544288	0.26365504	0.090790115	0.5410478	-0.1435564	-0.23549184	0.41988453	-0.1736418	0.16394116	0.2966487	-0.3267606	-0.10013992	0.27184716	-0.3216315	-0.15563695	0.14586549	-0.053123523	0.5427324	-0.28139138	-0.42571023	-0.26375914	0.12282806	-0.0077310507	-0.3408598	0.14510338	-0.2559373	-0.031011863	-0.1297342	0.041526146	0.3414669	-0.14624538	-0.29198945	0.31884086	0.2930383	0.3301715	0.3051543	0.27692172	-0.11028763	-0.4507852	-0.37000647	0.15208602	-0.15837741	-0.3568392	-0.14387815	-0.19006345	-0.009703199	0.3233346	0.29804626	0.34333172	0.3767549	-0.23360911	0.248714	0.17138764	-0.12031478	0.0023826917	-0.12315019	0.4555539	-0.33519307	0.0190951	0.20522925	-0.024393579	0.061170824	-0.33487356	-0.3713235	0.0071759704	-0.36429945	0.19444656	0.2710541	0.13360849	-0.37065253	0.48736387	-0.40005055	0.24460678	-0.54214615	0.03143642
GS1_105	0.080335	-0.03447877	0.18311352	0.13145119	-0.064408354	0.00903447	0.0017786126	0.5847475	-0.14012055	-0.08870306	0.1454978	0.21535045	0.16675572	-0.06223606	-0.07572999	0.16501354	0.17515571	0.24216358	-0.17620355	-0.112013444	-0.08140536	-0.08547063	-0.14437063	-0.07068988	0.12875645	-0.015494742	0.24922884	-0.24691153	0.17129973	0.2030129	0.1134646	-0.058808293	0.018598981	-0.236872	0.046152405	-0.27816373	-9.653464E-4	0.101980954	-0.13880639	0.08491548	-0.20395845	-0.04409989	0.005771586	0.034922104	0.26437366	0.025770959	-0.16059093	0.14839387	-0.04717583	-0.059963144	0.22073242	0.08018548	0.0073252544	-0.114289716	0.09691672	-0.24141674	-0.15364228	0.15069082	0.14745188	-0.2766011	-0.09058765	0.014548393	-0.18391807	-0.18897061	-0.06416526	-0.036734793	-0.030812087	-0.057676204	-0.017944679	0.1610672	-0.23246276	0.056417506	-0.036483895	0.026157342	0.21288708	0.060002506	0.032032833	-0.07825042	-0.00598777	-0.0956567	-0.077308565	-0.14867991	-0.009289783	-0.061403554	-0.11683943	0.084897414	0.019687997	0.19730763	0.023813365	0.11671702	-0.100713626	0.010939133	0.14584121	0.17707486	-0.039339725	0.045244426	-0.042328287	-0.077825524	-0.073676005	0.21814562	-0.05861998	-0.22111839	-0.030758588	0.22033468	0.06261442	-0.09791746	-0.028977484	-0.16103071	-0.09526376	0.1552543	-0.076586396	-0.045064744	0.0154295815	-0.08797496	0.06477938	-0.16396761	-0.11021904	-0.020983003	-0.06747991	-0.22028871	-0.13547717	0.01843937	-0.026160361	0.15131857	-0.11767025	-0.062130988	0.012047439	0.13370894	0.012550258	-0.059606396	-0.0019799133	-0.07995728	-0.144556	0.12080264	-0.0718195	0.022969197	-0.034514964	0.1918408	-0.058743093	-0.085320055	0.073812954	0.117917106	0.03152023	-0.02305858	0.071437456	0.033388257	0.013065976	-0.0067744264	0.14462064	0.12236089	0.02527952	-0.16038582	-0.075503595	0.1034105	-0.011471905
GS1_106	-0.16943103	0.024611244	-0.20054711	-0.03012739	0.3060087	-0.40140307	0.080677025	-0.14012055	1.02829	-0.16340418	0.019562919	-0.047670644	-0.23408277	0.08912398	0.23209935	0.0034349835	-0.40888998	-0.044590436	0.09138604	0.040874064	0.027851684	-0.027992172	0.3704575	0.2924547	-0.15799758	-0.3795879	-0.18042317	-0.29885367	-0.09980732	-0.021817453	0.13664937	0.014317101	0.091373466	0.25961438	-0.06014025	-0.13407621	0.22862937	0.15945943	0.18466987	0.0326432	0.07900704	-0.024122635	0.14255367	0.18580602	-0.08496807	3.4022707E-4	0.053014208	0.1432846	-0.23587061	-0.1120132	-0.10045883	0.12201701	0.14303836	-0.1819867	0.09180745	0.18430994	0.18548094	-0.10580546	-0.13930215	-0.041198708	-0.18680915	-0.053148586	-0.12643959	-0.13149217	-0.006686791	-0.022470968	0.18368663	-0.110063925	0.16448918	-0.0318052	0.030970836	-0.51198125	-0.10418087	-0.07317613	0.09359613	-0.13142043	-0.17648654	-0.18691307	0.45854864	0.03880611	0.3556962	-0.10438264	0.0039893514	-0.05086589	-0.02806713	0.10217353	-0.11102247	-0.042505592	-0.24435245	-0.29156587	-0.03086517	0.08406453	-0.20203035	-0.12907253	-0.25725576	0.026495634	0.25565034	0.2612977	0.119634815	-0.35025313	0.24577965	-0.13234606	-0.19265082	0.011815338	-0.19372196	0.13167721	0.097795345	-0.015498922	-0.14731382	-0.16279355	-0.040487666	-0.0048711235	-0.07166078	0.15670785	0.11773512	0.1282148	-0.09968139	-0.1982085	0.06823321	0.33789155	0.35924283	0.21950828	-0.05642434	-0.010259994	-0.060191795	0.41781458	-0.19647191	-0.12175119	-0.30549765	0.34406042	-0.054474812	0.23022313	0.21021415	-0.009482058	0.29859757	0.4246801	0.08737397	-0.16028303	-0.395928	-0.2787513	-0.13410647	-0.012367603	0.026410975	0.018772937	-0.05829631	-0.0030148698	0.16235541	0.02678355	0.07781128	-0.049242705	-0.5118254	-0.02467271	0.11891444	0.051360436	0.030359628
GS1_107	-0.39710313	-0.16666149	0.23305045	0.042059526	-0.1088195	0.36261478	0.38990325	-0.08870306	-0.16340418	1.0969019	-0.27995735	0.22392417	0.1781657	-0.041284252	0.16842684	-0.18696722	0.0989939	-0.53963196	-0.39291564	0.042697746	-0.4213399	0.5813817	-0.10637156	-8.855879E-5	0.105323695	-0.092777	0.020414522	0.2597228	0.059279848	0.34585273	0.42015982	-0.0036288176	-0.11538355	-0.16578157	0.15077825	0.10560129	0.04537198	-0.39485857	0.02273939	0.030632708	0.19262192	-0.299742	-0.45788082	-0.4264562	-0.3423719	-0.20365903	-0.05861981	0.12354925	0.18608202	0.24377777	0.31606406	-0.1337158	0.09230739	0.3518579	0.24560022	0.14924634	0.290921	0.18096773	0.10258391	0.12629567	0.13789476	-0.26030028	0.09161193	0.021007111	0.2356561	0.13998358	-0.052841444	0.21633188	-0.2839215	-0.31734067	-0.2733565	-0.31246188	-0.21638593	0.30168733	0.016011773	-0.10330893	-0.07002873	0.020303117	-0.074095614	0.15060784	0.06877745	0.059881378	0.13446137	0.2766348	0.032221615	0.043036424	0.34057906	0.17124881	0.320606	-0.06703756	-0.46432322	-0.27834228	-0.18891083	-0.29497868	-0.20916411	0.30267456	0.03877649	0.057976283	-0.10102268	-0.31151903	-0.33570835	0.040404987	-0.11640148	-0.06886743	0.23474792	-0.08674499	-0.27864566	-0.3446782	0.06636131	0.33080673	0.12035073	-0.47197455	0.2584103	5.791332E-4	0.106194474	0.23982072	-0.024123266	-0.34585544	-0.3922032	-0.44571963	0.43315095	0.12018571	-0.51635617	-0.10975192	-0.113957115	-0.022598447	0.30345276	0.32792136	0.29935074	0.1864272	-0.3240479	0.41469523	-0.31151646	-0.25394437	-0.22313306	-0.54932034	0.3771685	-0.4104727	0.25253782	0.41169176	0.16851655	0.24539378	-0.04155866	-0.3508648	-0.027918968	-0.13208105	0.38371778	0.32993498	-0.1299838	-0.26488143	0.5140782	-0.45226166	-0.17702253	-0.23733726	0.09765248
GS1_108	0.2654461	-0.14955218	-0.10169894	-0.0029344636	-0.056871645	-0.19602372	-0.23919751	0.1454978	0.019562919	-0.27995735	0.7162357	-0.06935896	-0.17688765	-0.00878477	-0.23550485	0.3628033	0.043364298	0.30790725	0.20200787	-0.0103129605	0.24322197	-0.17534485	-0.22355516	0.089770705	0.11784229	0.049080353	0.03890255	-0.23067161	-0.13432291	-0.2067694	-0.11388198	0.048023835	-0.039273154	-0.0443467	-0.19498158	-0.058765057	-0.22213942	0.23125617	0.06688892	0.017659908	-0.06677227	0.09968311	0.17091471	0.23340295	0.44854385	0.38988063	0.048033994	-0.21101418	0.031690877	-0.262059	0.029437209	-0.043957084	-0.24722789	-0.0929818	0.025952239	-0.31593338	-0.47120064	-0.20922525	0.034127492	-0.41481856	-0.15165305	0.32803437	-0.2994276	0.14970273	0.03059402	-0.065841734	0.037690822	0.060183506	0.1592384	0.3286611	0.04303273	0.34435028	-0.029063681	-0.1788226	0.16428833	0.09279817	0.055941366	-0.26854873	-0.22489707	0.011643543	-0.060648113	0.024164127	0.009359027	-0.17386128	-0.04343852	0.12552147	-0.14771213	0.049332917	-0.09784741	0.144822	0.16773139	-0.03862975	0.06984332	0.2654962	0.048565045	-0.11825537	0.0050891107	-0.339619	-0.08406756	0.3046492	0.2526155	-0.05300735	0.08298353	0.08108598	0.06512613	-0.07339845	-0.019978227	0.051302105	-0.02533321	-0.20167775	0.06572761	0.27591988	-0.17227687	-0.30887434	-0.103626736	-0.25026944	-0.06977786	0.10236876	0.29855832	0.33397156	-0.3192882	0.02410358	0.23736216	0.09345443	0.15738097	0.045438774	-0.16812997	-0.14798996	-0.0046808487	-0.18581551	0.011310302	-0.1386457	-0.010170439	0.25338417	-0.07616645	0.10772042	-0.2876138	0.28381288	-0.04603109	-0.16020486	-0.022878561	0.004404389	-0.028380694	0.18734412	0.13170323	0.12986505	-0.28033656	-0.15027392	0.0018146862	0.21835703	-0.2684356	0.08648728	-0.011550809	0.3493543	-0.017356057
GS1_109	-0.29341167	-0.15552524	0.39748353	0.16887432	0.25087905	0.44564384	0.2133868	0.21535045	-0.047670644	0.22392417	-0.06935896	1.2794212	0.21686529	-0.25027728	0.09715834	-0.25204808	-0.056045845	-0.43313628	-0.5188325	0.31380272	-0.41332304	0.20450714	-0.3158	-0.22241196	0.12186562	-0.047026407	0.15163733	-0.3530411	0.26753855	0.3603215	0.74800235	-0.38504505	-0.10272338	0.15892993	0.21572122	-0.52616584	0.42930794	-0.5393982	-0.41432196	-0.050665703	-0.03681721	-0.23691592	-0.28578785	-0.3116159	-0.12024729	-0.19877218	-0.112797596	0.63800126	-0.14836922	0.6043874	0.073774435	-0.15216969	0.48391253	0.20698191	0.12131976	0.06013046	0.4286931	0.33422133	-0.06284904	0.24731298	0.3703317	-0.44830728	0.114145674	-0.5487051	-0.042330578	-0.20288877	-0.09219776	0.060270727	-0.21242714	0.10503176	-0.3104484	-0.29953644	0.059746467	0.33188042	-0.117981106	-0.15743582	0.04078893	0.09857679	0.09231063	-0.09750944	-0.23772849	-0.14323346	-0.076750055	0.23666024	-0.17067106	0.10381831	0.26269704	0.25300452	0.09030518	0.18426363	-0.47106758	-0.01800595	-0.048812814	-0.5257384	-0.43283364	0.5566945	0.04729391	0.2812933	-0.042268638	-0.261283	-0.33470201	-0.2657104	-0.23181991	0.21344386	-0.030479666	-0.017334027	0.15325473	-0.39015165	-0.32761896	0.25746897	0.19317032	-0.18105526	0.32099485	0.08172769	0.059949372	0.13787664	-0.13916415	-0.3181297	-0.4272143	-0.2891388	0.1919823	0.20549813	-0.074153565	0.5199541	-0.6781879	-0.17193757	0.58629686	0.42368674	-0.075202085	0.057640962	0.1110537	0.4432577	-0.35202464	-0.4606157	-0.04195732	-0.306625	0.11052881	-0.24030694	-0.0792945	0.5044508	0.010012548	-0.016776012	0.24105962	-0.3358522	0.3446587	-0.040920936	0.51133865	0.47182286	-0.009732581	-0.345852	0.16141488	-0.56928796	-0.2912527	-0.39336586	0.22558086
GS1_11	-0.34415382	0.048444618	0.2448093	-0.01613825	-0.17474638	0.37858304	0.3406051	0.16675572	-0.23408277	0.1781657	-0.17688765	0.21686529	0.8795695	-0.13182437	0.29386947	-0.39889246	0.0052360334	-0.15472722	-0.415713	-0.17531101	-0.30354244	0.15605703	-0.21374144	-0.09396103	-0.07184318	0.1583638	0.20640583	0.08863333	0.16098921	0.31485453	0.030298997	-0.017111082	0.004252465	-0.24298558	0.10585855	-0.047795802	0.2031347	-0.12346069	0.0495113	-0.013099726	-0.008143407	-0.11246807	-0.17767009	-0.15634558	-0.2439992	-0.4415472	0.020675113	0.11519712	0.057674423	0.30732998	0.21865045	0.08336693	0.08994224	0.26102787	-0.2047349	-0.0072944923	-0.035420038	0.30356523	-0.107625514	0.11651461	0.20902406	-0.26401514	0.3328537	-0.33446327	-0.12719114	0.029669154	-0.14037299	-0.22202447	-0.24641608	-0.21635829	-0.294512	-0.052715503	-0.025372302	0.29515553	-0.028369103	-0.06634174	-2.2084112E-4	0.3088818	0.1743479	-0.06045526	-0.03080504	0.04992877	-0.06875231	0.32871285	-0.02166471	-0.20195496	0.09252228	-0.090670675	0.38469684	0.21443807	-0.31823567	0.10704432	0.120199405	0.036303613	0.03714005	0.08017729	0.045277655	0.19021118	-0.18439752	-0.121301755	-0.24735914	0.041447885	-0.013274808	-0.005907801	0.09424616	-0.17226484	-0.10431766	-0.117120385	0.10876833	0.21745726	-0.09149705	-0.24592783	0.061858397	0.09952981	0.15811478	0.1337568	0.16059783	-0.10497367	-0.24756114	-0.5208381	-0.026938679	-0.12542394	-0.12421256	0.015840268	-0.13840613	-0.10601615	0.34933943	0.07965004	0.21542756	0.17625126	0.014054747	-0.034671128	-0.030448243	-0.021262126	-0.15247019	-0.26084125	0.39837316	-0.1943368	0.0994832	0.30717596	0.103098586	0.058080018	-0.11448007	-0.1936759	0.0087721255	-0.2465912	0.09033799	-0.012588303	0.18024175	-0.10506477	0.37669402	-0.23143184	0.048136894	-0.39112243	-0.095624834
GS1_110	0.091101535	-0.13249752	-0.14133465	-0.030477544	0.08660151	-0.08360569	-0.15888563	-0.06223606	0.08912398	-0.041284252	-0.00878477	-0.25027728	-0.13182437	0.8398264	-0.175071	-0.090796754	-0.0024199465	0.14282256	0.3468411	0.13407819	0.1552443	0.12812696	-0.023184452	-0.048263274	-0.22093545	0.16805503	-0.16394524	0.060567662	0.055108204	-0.10894534	-0.093950525	0.2486709	0.034082633	-0.10040714	0.26823118	0.33861783	0.0067402287	0.2373439	0.41902366	0.084017746	-0.07841435	0.14515235	0.13217254	0.15363224	-0.1791998	0.13129298	0.0060658837	-0.21694495	-0.070764	-0.34706733	-0.11988046	-0.0035085941	0.12704125	-0.07280834	-0.28406906	-0.015993143	-0.09651399	-0.08598126	-0.030123793	-0.03006837	0.028516142	0.19685216	-0.1580836	0.14980242	-0.022683874	-0.10540942	0.3872975	-0.21926722	0.098204195	-0.2825063	0.18012288	-0.13680509	-0.05759025	-0.107104376	0.45935476	0.035626594	-0.0064590075	-0.08096255	-0.002769873	0.007971571	0.29275835	0.03724308	0.07787934	-0.14509761	-0.05971114	0.6228547	-0.04835915	-0.24626586	0.018353943	-0.34852067	0.12407667	-0.025814151	-0.07720508	-0.062439524	0.038512815	-0.09452803	-0.118755616	-0.114578806	-0.02652775	-0.022017768	0.03002413	-0.08575542	0.112270996	-0.20759185	-0.1317516	-0.0094953105	-0.09312784	0.10464212	0.055746123	-0.13184987	-0.18951964	-0.08427684	-0.17404658	0.266445	-0.06107282	0.20609929	-0.2877947	0.020498363	0.11482382	0.196719	0.20449406	0.030777568	-0.31226134	-0.16707946	-0.044895027	0.13581969	-0.41587907	-0.10645443	-0.19631925	-0.09689188	-0.037652582	-0.16187657	0.35068634	0.19357787	-0.04598507	-0.045077957	-0.032298513	-0.021691324	0.022396902	-0.21956344	-0.18878849	-0.044011634	0.010413881	0.096657425	-0.029562889	0.21569201	-0.32267803	-0.40818	0.16004716	-0.1036095	-0.26182464	0.36615044	0.33148804	0.16053878	0.21777262
GS1_111	-0.48483047	0.23114643	0.105025604	-0.028324524	-0.14594944	-0.013729172	0.34270462	-0.07572999	0.23209935	0.16842684	-0.23550485	0.09715834	0.29386947	-0.175071	0.9849549	-0.2905737	-0.14108932	-0.2149038	-0.15422596	-0.120077066	-0.279688	0.27110234	0.19942932	0.1570714	-0.17184165	-0.29354635	-0.061344247	0.21908207	0.1992872	0.3422156	0.09596564	0.17258923	-0.12982222	-0.05339686	0.06968131	0.07477301	0.2804816	-0.24555789	-0.048231214	-0.02208369	0.008232326	-0.24466361	-0.29962525	-0.30270272	-0.3335161	-0.51087606	0.008218885	0.2233221	-9.408816E-4	0.23402214	0.29658723	0.21770144	0.019665774	0.21098939	0.062316444	0.42607835	0.20293067	0.2494489	-0.012323848	0.22496065	-0.05960741	-0.4581659	0.46994656	-0.25486478	0.08899765	-0.02369573	0.014853337	0.07983977	-0.37855747	-0.40552875	-0.05072689	-0.33806217	0.0697382	0.30449566	-0.098938644	-0.085514225	-0.33115295	0.25756112	0.32429266	-0.072277516	-0.0022724194	0.020025177	-0.19240284	0.2325817	0.05197037	-0.17321412	0.2839308	-0.071996614	0.414213	-0.0017022134	-0.46062857	-0.14883658	-0.23299156	-0.15663724	-0.22335835	0.07203383	0.14605634	0.35807627	-0.016629972	-0.3780434	0.066834584	0.08851381	-0.1359269	-0.017675675	0.07562751	0.023951562	-0.15356785	-0.18065786	0.010958344	0.27712333	-0.025438577	-0.39352268	0.35744983	0.14342257	0.26296768	0.20825228	0.05859077	-0.46240345	-0.16466793	-0.3174767	0.38915366	-0.1159042	-0.10977858	0.0071897656	-0.15227053	0.18491349	0.22779806	0.20863718	0.056184627	0.3785959	9.989061E-4	0.29708964	-0.08527471	-0.33626476	0.08134338	-0.29327583	0.37704957	-0.50239706	0.14726803	0.22048928	0.19108124	0.08331682	0.012566887	-0.27671587	-0.22751552	-0.4862669	0.27609232	0.2798264	0.05023248	-0.27359194	0.25667703	-0.28731406	-0.040736515	-0.32236305	-0.34336385
GS1_112	0.37590504	-0.10411265	-0.18474641	0.32194752	-0.061675213	-0.6465045	-0.5379043	0.16501354	0.0034349835	-0.18696722	0.3628033	-0.25204808	-0.39889246	-0.090796754	-0.2905737	1.2475249	0.20918274	0.4937675	0.16033994	-0.03968418	0.30987117	-0.31596124	0.2232344	0.056990303	0.36619356	-0.13962084	-0.12435496	-0.30517805	0.050337583	-0.3103527	-0.082777895	0.0065125795	-0.014104418	0.017135177	-0.4239484	-0.22848977	-0.46926862	0.36923182	-0.30818945	0.031336345	-0.044709317	0.1525167	0.18485026	0.36083415	0.5629184	0.6685481	0.029562753	-0.14468454	-0.05097323	-0.46257007	-0.18013202	0.004683991	-0.4891632	-0.51689667	0.6316455	-0.3250992	-0.24331065	-0.34228438	0.43182978	-0.6519456	-0.36588582	0.37568086	-0.6647596	0.20345567	0.016802566	-0.049638838	0.11343441	0.32092103	0.3655908	0.58478737	-0.030953417	0.38625607	0.013190052	-0.14208826	0.15284547	0.0403954	0.113000624	-0.38094646	-0.37786213	-0.08176925	-0.105869286	-0.054829832	0.024797972	-0.5265982	-0.0045777718	0.07175522	-0.2749418	0.38780394	-0.18875967	-0.05101717	0.15466428	-0.12715009	-0.13307038	0.3541905	-2.8350545E-4	-0.14516868	-0.020082058	-0.4658797	0.13023196	0.4680488	0.12950847	-0.12450364	-0.12190703	0.3951841	0.033713296	0.09257886	0.0308935	6.518965E-4	-0.07688368	-0.2004118	0.19305746	0.29620257	-0.27499655	-0.49002302	-0.3738687	-0.44139907	-0.15442666	-0.004083038	0.21541786	0.61025167	-0.24401553	0.27406323	0.3915302	0.18534558	0.43122536	-0.012457031	-0.35926563	-0.14372253	-0.15683281	-0.19788268	0.072397344	-0.10911377	-0.29829216	0.20029032	-0.08325314	0.30586696	-0.48064932	0.39262766	-0.058368806	-0.327076	0.16675676	0.27711958	0.15942883	0.2128984	0.15186203	0.4414615	-0.13274261	-0.019507367	-0.18767264	0.4543075	-0.28344575	0.011429862	-0.21926126	0.80877537	-0.27473655
GS1_113	0.49650177	-0.032994293	0.13340116	-0.012142789	-0.2236493	-0.16762571	-0.32005903	0.17515571	-0.40888998	0.0989939	0.043364298	-0.056045845	0.0052360334	-0.0024199465	-0.14108932	0.20918274	0.9390837	0.61491835	-0.06938862	-0.10797334	0.040205047	-0.025654513	-0.20391776	-0.24580613	0.016456313	0.15185241	0.12784821	0.17267607	0.33944076	0.19716589	0.15763381	0.047948614	-0.14284489	-0.17822596	0.12229115	0.016356366	-0.17585318	0.005327778	-0.03204947	0.034843847	0.10775584	0.0049123494	-0.28324884	-0.19035693	0.19901435	0.09365362	-0.33547875	0.14562227	0.04271935	-0.14096938	0.08607442	-0.032114632	-0.27709112	0.055054907	-0.07797112	-0.124302976	-0.18770775	0.16745971	0.12903336	-0.16239521	-0.059538044	-0.14469251	-0.06151422	0.1837841	-0.12952457	-0.1711912	0.07704672	0.002477648	-0.008314635	0.17394255	-0.10728609	0.3665845	0.0076852883	-0.13571042	0.14883298	0.058663268	-0.16024049	-0.056673866	-0.2746479	-0.03626385	-0.04878631	-0.028159581	-0.0877953	-0.09546902	-0.1509049	0.12883818	-0.23300873	0.14759523	-0.03860467	-0.18622853	-0.009367589	-0.085714065	-0.108751476	0.111715525	0.047510456	0.16278389	-0.076829806	-0.12753792	0.012443963	0.5283126	-0.19539222	-0.00483296	0.0134106	0.13932844	0.14233498	-0.006807483	0.011271323	0.0010466623	0.011493156	0.34024587	0.087885536	-0.1271501	0.028304916	0.112663545	0.05869035	-0.30756158	-0.19122529	-0.039401535	-0.117192306	0.08987832	-0.08454197	-0.020690838	-0.024247818	-0.02356928	-0.18302958	-0.11184338	-0.115899615	0.19352508	0.025425596	-0.31273997	0.0020969592	-0.113748126	-0.14732759	0.13367799	-0.21541345	-0.30838794	-0.15482597	0.17121847	0.13574432	0.048900243	0.20295137	-0.07261766	0.07568942	0.03675754	0.09830039	0.12449824	0.03331018	0.018144136	0.07528543	0.019266715	0.14768338	0.11848736	-0.29113832	0.13193274	-0.0142434845
GS1_114	0.6856984	0.09366751	-0.16292349	-0.11725117	-0.06275983	-0.7822471	-0.7262055	0.24216358	-0.044590436	-0.53963196	0.30790725	-0.43313628	-0.15472722	0.14282256	-0.2149038	0.4937675	0.61491835	1.4642726	0.47356296	-0.30143398	0.46337515	-0.5062892	-0.0331936	-0.057259094	-0.010417392	0.03933717	-0.033903953	-0.15148932	0.37635836	-0.019274946	-0.37439594	0.19319113	0.07698046	-0.06963988	-0.2146859	0.0953749	-0.44053948	0.68256587	0.0975461	0.13707682	0.0427655	0.24955148	0.288227	0.34740388	0.5320201	0.33412272	-0.20588319	-0.100308485	0.036130108	-0.5277225	-0.07501692	0.1757156	-0.4604341	-0.53510827	-0.02661018	-0.49225515	-0.49622622	-0.16243833	0.086512685	-0.5253034	-0.45053056	0.2821947	-0.3230919	0.3290266	-0.25027987	-0.22381772	0.23645604	-0.10263075	0.28409085	0.44436046	0.20369014	0.5431209	0.16857475	-0.36599424	0.24334936	0.2999957	-0.13843487	-0.28680032	-0.27843413	-0.0042568804	0.17458294	-0.1326226	-0.12310201	-0.35704666	-0.06825011	0.12880407	-0.54265285	0.026839904	-0.25283304	-0.33163568	0.40803802	0.028234605	-0.08721421	0.613091	0.36729544	-0.28721097	-0.07754739	-0.46844447	0.0017366312	0.6249136	0.27776998	-0.14123519	0.11937894	0.17504245	0.053122874	-0.06497506	0.001162661	0.2886124	0.21932338	-0.077801116	-0.14338171	0.20267794	-0.11293796	-0.16511987	-0.054660834	-0.6473738	-0.12421743	0.23101643	0.5287519	0.51676553	-0.21579784	-0.059727367	0.3190852	-0.113030724	0.24385765	-0.01354166	-0.6747689	-0.3340504	-0.25179905	-0.46546736	0.0641403	-0.5249929	0.10744343	0.49797755	-0.038877092	0.181087	-0.3145572	0.44164413	-0.033309534	-0.5603099	0.07005103	-0.19337298	0.12705034	0.5262325	-0.10178376	0.050683733	-0.19349173	-0.30106208	0.020100439	0.3852424	-0.52071446	0.6533495	-0.09695684	0.4962323	-0.22888038
GS1_115	0.33416915	0.29928368	-0.79534984	-0.035798974	0.16138932	-0.33334562	-0.4211933	-0.17620355	0.09138604	-0.39291564	0.20200787	-0.5188325	-0.415713	0.3468411	-0.15422596	0.16033994	-0.06938862	0.47356296	1.2605901	0.024626013	0.8233964	-0.31947702	0.2680742	0.23291071	-0.38128245	-0.0010081597	-0.28286856	0.17765528	0.11091218	-0.41435745	-0.6278375	0.1715237	0.08398088	0.22660203	-0.16116552	0.54617333	-0.2393712	0.62266606	0.2385666	0.019913793	-0.1259811	0.24059752	0.3519603	0.36847794	0.04871919	0.37612605	0.17173302	-0.59805727	0.091294095	-0.47799125	-0.23224083	0.16571547	-0.23917608	-0.5081018	-0.3586591	0.07348292	-0.2908661	-0.3304304	-0.063799396	-0.013787828	-0.4652369	0.463918	-0.14360246	0.27031195	0.26922765	0.04256937	0.28970793	-0.033399135	0.22368874	-0.12581983	0.3890105	0.22078681	0.063583374	-0.45957607	0.05576616	0.07046616	-0.07739374	-0.14417972	-0.15889068	0.11462512	0.15601021	0.064852715	0.11483145	-0.40989026	0.16130477	0.35836142	-0.15099736	-0.34186965	-0.33214155	-0.3356919	0.34292993	-0.17640127	-0.18084228	0.24092163	0.45651746	-0.4688632	-0.16252217	-0.1952943	0.07585292	0.39310563	0.525242	0.108176604	0.06612363	-0.4327092	-0.19335052	0.09183137	0.036924593	0.41766337	0.10849713	-0.4056682	-0.15847738	0.18127657	-0.27237728	-0.24591914	-0.1928885	-0.16964476	-0.018791322	0.50010365	0.7072927	0.5206645	-0.014581237	-0.2501532	0.11527091	-0.123302855	0.46464893	0.0666366	-0.60336435	-0.6834181	-0.06780311	-0.28324887	-0.03833026	-0.33131483	0.33210668	0.3482682	0.17555799	0.3508793	-0.46303713	0.070556425	0.04354638	-0.5391243	-0.094179206	-0.23240913	0.014670911	0.55949837	-0.3511533	0.0909571	-0.6733361	-0.57922256	0.026208581	0.17095956	-0.44382387	0.7342679	0.2015323	0.43321425	0.13806361
GS1_116	-0.0037381814	0.10883259	0.02892987	0.08605686	0.2501567	0.07880453	-0.09543152	-0.112013444	0.040874064	0.042697746	-0.0103129605	0.31380272	-0.17531101	0.13407819	-0.120077066	-0.03968418	-0.10797334	-0.30143398	0.024626013	0.8330808	-0.17934944	0.081118785	-0.05488351	-0.0507973	0.07874204	0.050860178	-0.22648965	-0.15592295	0.010618132	-0.03938212	0.19898336	-0.086542964	-7.3946745E-4	0.20667468	0.17603871	-0.21073267	0.19944502	-0.2341731	-0.15215033	-0.03142935	-0.13098538	0.095690675	-0.05152581	-0.0658513	-0.04673797	0.11838723	0.13279863	-0.0026491832	-0.117664315	0.063871875	-0.1632109	-0.155898	0.23492737	-0.067417555	0.13030362	0.15569034	0.2767997	-0.13811009	-0.015255256	0.2887472	0.005100701	-0.12108119	-0.027874116	0.047378927	0.08447183	-0.07523206	-0.034943618	0.06566058	0.1746681	0.0037198365	0.09207614	-0.1792492	0.054616295	-0.043128118	-7.3373714E-4	-0.028390748	0.12898092	-0.010045529	0.05320764	-0.044664	-0.24727045	-0.021883586	0.025800286	-0.1366556	-0.034558564	0.2252995	0.07369524	0.096963644	-0.09425721	-0.08363056	-0.15719506	-0.0027147657	-0.13174887	-0.5635259	-0.061380994	0.12122689	0.017715309	-0.02387876	0.08534863	-0.12447165	-0.05285008	-0.192592	-0.037365552	0.0773655	-0.21433091	0.10756296	0.07477755	-0.07587534	-0.26802757	-0.09126164	0.09019962	0.03649689	-0.019162206	0.042437967	-0.07687792	0.1955767	-0.29217565	-0.08411037	-0.087850645	0.19040136	0.16287032	0.18090822	0.011548817	0.25436518	-0.2810003	-0.038874067	0.109615766	0.091303766	-0.05024831	0.10537266	0.2962857	0.078773536	-0.18198115	-0.21460553	0.10905828	0.030988317	-0.22617479	-0.12966932	-0.06595609	0.12328268	0.016180543	-0.074912824	0.066982724	-0.06287028	0.07161995	0.2736445	0.0073016905	0.02575748	0.09347135	-0.16546209	-0.10846596	-0.07001899	-0.09762894	-0.05553815	0.18655723
GS1_117	0.3156699	0.06337053	-0.6311968	0.13513066	0.04261743	-0.27722028	-0.41623434	-0.08140536	0.027851684	-0.4213399	0.24322197	-0.41332304	-0.30354244	0.1552443	-0.279688	0.30987117	0.040205047	0.46337515	0.8233964	-0.17934944	1.1340793	-0.39138773	0.23357925	0.14826368	-0.3188788	-0.024398724	-0.2456733	-0.06304393	0.046940126	-0.3811321	-0.47723842	-0.070599906	0.075381495	0.11972538	-0.20552221	0.37568977	-0.3171854	0.64958584	0.14126168	-0.015154908	-0.021155495	0.21870661	0.32903916	0.41320926	0.12687442	0.51697254	0.076327056	-0.49385402	0.17373809	-0.36844757	-0.30013946	0.20512867	-0.25965038	-0.38946384	-0.2864895	-0.15367329	-0.38914818	-0.24441858	0.10310022	-0.22612368	-0.3544483	0.59601444	-0.32364702	0.04599255	0.17439403	4.5758545E-5	0.3087417	0.076356634	0.31662166	0.20779447	0.18349512	0.34576988	0.076899916	-0.3920199	-0.009417492	-0.03958481	0.0032308272	-0.19324924	-0.24812719	0.114148	-0.13094757	-0.01909588	0.052770313	-0.4676813	0.15283783	0.33335754	-0.24091427	-0.20229647	-0.3386481	-0.18750098	0.29972062	-0.08208438	-0.004882186	0.43074888	0.32511786	-0.2875894	-0.08310408	-0.20544806	0.057206165	0.5371408	0.36025625	0.08994666	-0.1444121	-0.17926942	-0.08858591	0.039136	0.18876438	0.20560797	0.17567971	-0.36782447	-0.055982392	0.29189885	-0.34053886	-0.261452	-0.3087669	-0.30277053	0.14288525	0.4637801	0.58611685	0.38354585	-0.32270205	-0.14224122	0.2326916	-0.050053343	0.4645111	-0.0143321315	-0.3864068	-0.5974069	0.020856682	-0.41754195	-0.07948638	-0.19034925	0.20764275	0.22839811	0.113440946	0.28665888	-0.5231161	0.33075398	0.05916959	-0.421668	-0.03182779	-0.11255644	0.09425078	0.4751592	-0.17575781	0.3151164	-0.5328628	-0.5411244	-0.1736056	0.40562093	-0.3605135	0.3178216	0.13155554	0.5440542	0.07864078
GS1_118	-0.47434533	-0.3262368	0.17966324	-0.053712107	-0.046161585	0.3896612	0.31493604	-0.08547063	-0.027992172	0.5813817	-0.17534485	0.20450714	0.15605703	0.12812696	0.27110234	-0.31596124	-0.025654513	-0.5062892	-0.31947702	0.081118785	-0.39138773	0.9498266	-0.20001438	0.11990158	-0.040759925	-8.4168155E-4	0.12390722	0.14675368	-0.015067167	0.29995728	0.4036179	0.08461394	-0.08770392	-0.13598032	0.13356704	0.09996248	0.16121246	-0.380474	-0.042324945	-0.068252616	0.030118452	-0.30666915	-0.29744902	-0.30508128	-0.4840791	-0.32042822	-0.048462544	0.24487531	0.05927357	0.1460468	0.34808612	-0.05803702	0.27592292	0.5141874	0.052575808	0.16010317	0.11495537	0.18076012	-0.19418071	0.15591486	0.26422733	-0.28014338	0.06903267	-0.123783015	-0.030271525	-0.21225181	0.161582	0.038805258	-0.49550098	-0.38397548	-0.17270888	-0.42603746	-0.19035333	0.4199305	0.09038504	-0.0024133099	-0.045340497	0.09755431	-0.033782765	0.06647516	0.1288093	0.13005757	0.09465094	0.3323696	0.089170516	0.16596034	0.49324718	0.012144323	0.5110595	-0.074960954	-0.37473112	-0.09598951	-0.16302735	-0.28534812	-0.42707244	0.43474832	0.08468746	0.019750113	0.00440376	-0.40343097	-0.23359796	-0.046402283	0.112663664	-0.090004034	0.12484247	0.045504764	-0.29528907	-0.26266307	-0.061370037	0.2673827	0.16893798	-0.41481352	0.2888679	0.16553459	0.15760216	0.5114503	-0.02938453	-0.39390942	-0.23699628	-0.21768881	0.46203575	0.21425815	-0.5426517	-0.15902017	-0.33412743	-0.01259033	0.2649982	0.24583729	0.10903173	0.32040435	-0.1655634	0.3867484	-0.14195614	-0.18953611	-0.13180736	-0.647249	0.43242225	-0.40015045	0.2150988	0.46832237	0.063951895	-0.05159925	0.12800168	-0.41163197	0.10697634	-0.15177505	0.31522146	0.23699625	-0.050766796	-0.44378015	0.27823025	-0.42223018	-0.12551442	-0.34775063	0.053715684
