##Centered_IBS.SumPk=1514.2396562133492
##Matrix_Type=Centered_IBS
171
GS3_37	1.0431001	-0.08521003	0.38378656	0.023881646	-0.29481706	0.32436097	-0.0063042482	-0.20143348	0.11423085	0.1314997	0.5210871	0.47748718	-0.425067	-0.4885414	0.3051051	-0.117431335	-0.07558749	-0.18001026	-0.5760589	0.033322718	0.5019262	-0.20573498	0.29213315	-0.61251366	0.05925607	-0.026297554	0.58597136	0.2787562	-0.28366613	0.15097642	-0.0248453	0.25611675	-0.15537643	-0.07648095	-0.31565583	0.73272485	-0.50129265	-0.17592597	0.60774255	0.18512568	-0.08672951	-0.08584595	-0.59949046	-0.22590896	0.33335027	0.040801186	0.39101052	-0.17732157	-0.19734018	-0.23681177	0.69451696	0.26817402	-0.18775827	0.023517707	-0.630182	-0.03156172	0.13359077	-0.6086252	-0.5855927	-0.13032168	-0.27495292	0.4851358	0.060892913	0.17871462	0.36848623	-0.35932627	-0.3564079	-0.12698643	-0.09992871	-0.17347166	-0.36625656	-0.36039534	-0.5368263	0.11043565	0.7351596	-0.6836779	0.012603891	-0.60539305	0.31733233	-0.29601702	0.074534975	-0.2871674	-0.2787442	-0.36147735	0.71677196	0.7677364	0.4578124	0.44165456	-0.20213881	0.005592388	-0.6949242	0.68468446	-0.12026972	-0.319991	0.062696666	0.4977915	-0.1886122	0.06631117	0.020360528	-0.24727406	-0.46795124	0.69334704	-0.18992384	-0.3858468	-0.0019437227	-0.024029348	-0.4217581	0.4325814	0.20573865	-0.07952259	0.5276452	0.28770128	-0.21276455	-0.42500275	0.06244315	0.23378117	0.015453628	-0.019133287	-0.22693117	-0.019290086	-0.11361907	0.35936144	0.18035232	-0.006438671	0.070076056	-0.03934119	-0.10020713	0.4969884	0.10949794	-0.32765368	-0.18280852	0.02131258	0.41114956	-0.2694682	0.02843828	-0.22008662	-0.5637099	0.60673517	0.51321787	-0.21048294	-0.17260224	0.17194887	-0.11033841	-0.12682655	-0.14351185	-0.26793882	0.48575222	-0.116377406	-0.30748776	-0.03820076	0.0220323	0.7420265	-0.19104207	-0.36159694	-0.22403663	0.041680608	-0.087753795	0.02414206	-0.52357894	-0.10614472	0.22624646	-0.02758949	0.15668593	0.37138635	0.09190762	0.07242768	0.28705448	0.06410092	0.049898066	-0.29947263	0.1430199
GS3_17	-0.08521003	0.62059724	-0.20612136	-0.046527624	0.16652255	0.050192457	0.120821215	0.15414453	0.006879763	-0.14474544	0.046174776	0.0878095	0.057712596	-0.022558944	-0.10235612	-0.060805317	-0.08650213	-0.078897916	0.014332102	-0.04187584	-0.052956507	0.06472655	0.08359375	0.06260648	-0.09045639	-0.060571764	-0.13945806	-0.01403002	-0.1114855	-0.11049177	0.06437201	-0.04891189	0.0037766825	0.20782615	-0.06481234	-0.18914536	-0.031078022	0.070663586	-0.015369519	-0.010500713	-0.05411082	0.0028266672	0.14864494	0.016956989	-0.068457805	-0.14999664	-0.10709822	0.21276185	0.0680841	0.19342382	-0.23665687	-0.034119982	0.12849575	0.07572761	-0.0054716836	-0.07561358	0.0686909	0.1509672	0.010977183	-0.027353803	0.05104893	0.02423604	0.11825152	-0.14877766	-0.18453483	0.09058749	0.3297983	0.11443315	0.16196695	0.06097111	-0.040959273	0.0054239384	0.062847055	-0.0019895511	0.053335305	0.22259466	0.22928396	0.046525855	-0.3291658	0.2612833	-0.1961485	0.0334112	-0.032365568	0.030043775	-0.08589012	-0.21996067	-0.058609165	0.10866689	0.15210626	-0.14744961	-0.018540997	-0.003900422	0.004873633	-0.09834013	-0.1308477	-0.13965988	-0.040663075	-0.074688084	-0.033448156	-0.047420166	-0.02332915	-0.19943179	0.059893694	0.02553179	0.20559986	0.21992369	-0.061444856	0.06472158	0.13263984	-0.053515904	-0.10775636	-0.121415555	0.03548717	0.12993023	-0.104832046	0.014786137	-0.03865109	0.100673534	-0.11236834	0.17946216	0.077080436	-0.07457659	0.018477313	-0.072180696	-0.13313186	0.099226095	-0.09676067	0.04867475	-0.06767627	0.047878325	0.13607633	0.018710248	0.04150423	-0.09859702	0.0033399204	-0.020187952	0.16955821	-0.16592346	-0.14284047	-0.029080017	-0.092927985	0.10683678	-0.104732096	-0.013760163	-0.10279053	0.10512585	-0.14896485	0.063685596	-0.023111865	0.036939017	-0.098037094	-0.1713704	0.043862786	0.09393983	0.060822185	-0.104446	-0.087953664	0.24617182	0.057729453	0.18008812	0.05989238	0.08459121	-0.20433368	-0.04923739	0.08879389	-0.15845664	-0.17370276	-0.19790792	0.012066839	0.0015237052	-0.13070285
GS3_16	0.38378656	-0.20612136	1.1668549	0.15720409	-0.18825199	0.24545401	0.12736645	-0.08260868	0.04862565	0.1869668	0.2579279	0.40535715	-0.27584437	-0.4160716	0.33656484	-0.044661064	-0.021984601	-0.14473478	-0.45518643	0.21328914	0.17363709	-0.058305956	0.27779382	-0.3599581	-0.16636729	-0.087230325	0.33171132	0.18431133	-0.0065442477	0.13198526	-0.1915208	0.19582699	-0.08768868	-0.10569228	-0.3392294	0.35998553	-0.34591234	-0.15860108	0.49136415	0.2892514	0.07953792	0.029245688	-0.467913	-0.18028836	0.21922559	0.100775555	0.5182644	-0.06919103	-0.14940567	-0.30070996	0.3149675	0.23274209	-0.2148811	-0.13288338	-0.53017277	-0.19365118	0.06524469	-0.42057967	-0.59329754	0.0062720603	-0.3873728	0.35187253	-0.1267808	0.07442372	0.4472987	-0.2266151	-0.42253798	-0.1922346	-0.19893599	-0.16490664	-0.33093587	-0.27929989	-0.4838011	0.11529244	0.31777444	-0.5665988	-0.16299011	-0.41475934	0.5649142	-0.31403765	0.2722003	-0.10778609	-0.311907	-0.33936957	0.3530292	0.34874016	0.69487596	0.19408455	0.057726122	0.13561212	-0.49829215	0.34490693	-0.122586235	-0.230972	0.33971897	0.47118476	-0.029895997	-0.12798494	0.06585388	-0.185587	-0.45321584	0.35061508	-0.11695485	-0.3126707	-0.22420798	-0.14379188	-0.26466787	0.19210331	-0.038301453	-0.09011565	0.30533233	0.5418318	-0.13564785	-0.26672253	0.10926469	0.15119958	0.12531266	0.14095321	-0.14545621	-0.21047488	-0.18627544	0.36056593	0.3882543	-0.18754272	0.041250534	0.24021618	-0.10699747	0.49756396	0.26458332	-0.36383227	-0.069542885	0.105511025	0.6001502	-0.31277817	0.16884826	-0.17641455	-0.50577164	0.30584	0.4347884	-0.117270246	-0.10475133	0.07597229	-0.07041454	-0.040242147	-0.18661696	-0.2674469	0.5904109	-0.17367226	-0.14445746	-0.12676431	0.04893946	0.32236958	-0.043410268	-0.41704658	-0.29672658	0.20007527	-0.04251499	-0.2390066	-0.64594334	-0.2155746	0.16283177	0.2233082	0.16071981	0.54561967	-0.006327566	0.30578378	-0.01058934	0.07339201	0.18413632	-0.18296635	-0.03399083
GS3_13	0.023881646	-0.046527624	0.15720409	0.73608696	-0.11328423	-0.2082115	0.124191724	-0.015663205	-0.15463385	-0.25464016	-0.23420557	0.1358094	0.43121773	-0.003941858	-0.11054999	0.012289266	-0.07411007	-0.19692749	-0.0063204984	0.034033243	-0.25399834	0.12233786	-0.15003435	0.20978563	-0.18764353	-0.08338875	0.07180791	-0.21590391	0.13204364	0.1347274	-0.18203734	-0.080034114	-0.1414637	-0.08224518	0.18796457	0.10943519	-0.083908744	-0.12256542	-0.027180173	-0.28516805	-0.031993248	-0.075058416	-0.019060623	-0.12497743	-0.059893113	0.15899743	0.27240494	0.06954465	-0.062043216	-0.06649399	-0.017852467	0.028152233	-0.10905109	0.035705008	0.26971874	-0.13898742	0.01283314	0.18060783	-0.09296375	0.15307981	-0.2752995	0.18973532	-0.010837211	0.0036843286	-0.015174126	0.50758857	-0.2309283	-0.17033783	-0.2762454	-0.09225196	0.2031316	-0.2572061	0.048226528	-0.32381707	-0.005854679	-0.16592205	-0.056592975	0.022457838	0.20378228	-0.24112263	0.27248585	0.15886477	0.1915532	0.27193737	-0.021080596	0.10590786	0.107286595	-0.17235422	-0.0037943781	0.3531932	-0.21476491	-0.0063956454	0.042979706	0.43205893	0.17537129	0.21131264	-0.016605766	-0.06493642	0.4444457	-0.031563066	-0.09806565	-0.039450534	0.08825768	0.59231603	0.051866703	0.0060099293	0.23329426	-0.1579022	0.19362946	-0.19620314	-0.03303636	-0.108179614	-0.12768859	0.06286327	0.07721551	-0.15157576	0.38651437	-0.3558716	-0.12198114	-0.11192022	-0.0772195	-0.07146117	-0.05993639	-0.17937024	0.027664814	-0.28797176	-0.1576454	0.08797857	0.12790552	0.20888269	0.3488876	0.4491477	0.19108458	0.07506191	0.2549221	0.17105664	0.16119362	-0.045733538	-0.06859163	-0.005750308	-0.20783201	-0.2586349	-0.1508139	0.11731618	-0.059866108	-0.27809933	0.05030376	-0.22191185	-0.17071103	-0.14726903	-0.009640573	0.021299506	-0.41590327	-0.1413336	-0.18129876	0.14343469	-0.19934052	0.10664544	-0.18360056	0.02578772	-0.3433092	-0.2589644	0.10766601	0.16587277	-0.45269087	0.12930204	0.13064912	0.0335732	0.09518465	0.0076074777	0.22256257
GS3_34	-0.29481706	0.16652255	-0.18825199	-0.11328423	1.144638	-0.029914314	-0.20216103	0.41451174	-0.061642714	-0.034964286	-0.04742957	-0.32335162	-0.01760234	0.25590378	-0.048517317	0.11991381	0.22438428	0.0071887244	0.14597748	0.0090855835	-0.09990652	0.09204755	0.1660244	0.26595846	0.058766045	0.12975894	-0.44375303	-0.04489308	0.06566028	-0.20696919	0.1260992	0.07658198	0.06930989	0.14144358	-0.1864867	-0.47032824	0.21284826	0.13742648	-0.22341587	-0.08878035	0.16216137	0.022187043	0.11860522	0.16776265	-0.23906422	-0.28479147	-0.23523815	0.39992502	0.20360109	0.3675788	-0.48354194	-0.37250885	0.11531762	0.1444427	0.1788885	0.12762286	-0.2879772	0.22504519	0.22970454	0.100371346	0.3775304	-0.30097437	0.17954035	-0.28683537	-0.31479922	-0.06536733	0.4887197	0.14298795	-0.0125362575	0.02449588	-0.10373511	0.42692465	0.1962724	-0.021105068	-0.36248946	0.5266316	0.16394675	0.15657109	-0.1474664	0.557921	-0.15833902	0.13724661	-0.0641312	-0.09182414	-0.41633686	-0.4199403	-0.22756845	0.033760075	0.17787297	-0.109118335	0.45703235	-0.51131475	0.13374135	-0.15714166	-0.27258304	-0.17642248	0.097651005	-4.6701735E-4	-0.22791182	0.11334423	0.14786318	-0.43283066	0.17743355	-0.09671558	0.20187879	0.18589191	-0.17474614	-0.074469045	-0.12371354	0.09441838	-0.40174374	0.048995815	0.15365334	0.0127353845	-0.37114868	0.06859682	-0.10884236	0.49461615	0.025105355	0.1369635	0.089890786	-0.29919612	-0.039331365	0.02513878	-0.21019241	0.46863678	-0.12044877	-0.32963032	-0.26986006	-0.15637463	0.20308937	-0.120202914	-0.12241247	-0.12586924	-0.006825774	-0.16221124	0.3403196	-0.4661794	-0.41333067	0.11790457	-0.08738918	0.096377075	0.06440218	0.3101611	0.049597837	0.48640072	-0.45154506	0.048392355	0.04694006	0.16076185	-0.25704938	-0.4590364	0.49054867	0.2742032	0.10497833	-0.27352244	0.17281036	0.22000223	0.14567791	0.09398417	0.039498657	0.4130523	-0.36163345	-0.25469574	0.22404322	-0.20516115	-0.26889285	-0.25493926	-0.25684574	0.06690895	-0.2523438
GS3_81	0.32436097	0.050192457	0.24545401	-0.2082115	-0.029914314	1.1365802	-0.012688731	-0.08484922	0.15099561	0.48905253	0.45233014	0.26275933	-0.48354492	-0.44505277	0.46277153	-0.1361813	-0.10067791	-0.21326888	-0.34456646	-0.06026693	0.40483394	-0.18620569	0.39789897	-0.40626946	-0.14024109	0.0434586	0.22568426	0.22298308	-0.008778164	0.0028101392	-0.17371614	0.26181006	-0.12532407	0.07526289	-0.7844604	0.33821625	-0.39718586	0.08560097	0.5587051	0.36727118	0.04840533	-0.06656233	-0.61702067	-0.14988919	0.19079861	-0.12813559	0.17574956	-0.068387456	0.008978545	0.09692003	0.26513392	0.16881798	0.04109353	-0.041055422	-0.5143259	-0.23629117	0.11032587	-0.4693235	-0.6673252	-0.13085487	-0.033088844	0.34928405	-0.03353609	0.004746662	0.32752234	-0.61415523	0.19995497	-8.89762E-5	0.26727295	-0.035414383	-0.377298	0.16183713	-0.29413414	0.4053727	0.58325326	-0.37588412	0.14403965	-0.2524218	0.14478005	0.10685656	-0.11773788	-0.09381936	-0.44284338	-0.47089228	0.43174675	0.17244565	0.26873466	0.5141764	-0.031544775	-0.16563185	-0.4499677	0.40986645	0.034894433	-0.5732404	-0.06498762	0.1973578	0.17255959	-0.17887786	-0.2273139	-0.046705227	-0.39389718	0.15444624	-0.10227088	-0.6222516	0.17808858	0.07518273	-0.30938232	0.49692023	0.021939643	-0.1154097	0.3244364	0.41194153	0.040153317	-0.54415464	-0.41222098	0.2964044	-0.19838786	0.4092694	-0.20863876	0.24806173	-0.0100647425	0.2849729	0.38256213	-0.02387193	-0.13655128	0.38311803	-0.099096395	0.25895244	0.018978624	-0.56375796	-0.10779006	-0.20039442	0.39084855	-0.44092196	-0.034071196	-0.5284447	-0.55558443	0.3075289	0.11763739	0.018423678	-0.28885332	0.3466272	0.013791938	-0.043714743	0.017043404	0.06288917	0.3246998	0.038344786	-0.09397543	-0.10218619	-0.17802395	0.2163342	0.20804484	-0.0027002573	-0.14754711	-0.061409384	-0.0052223103	0.04640836	-0.60599446	0.064491175	0.44123787	0.33059478	-0.070355274	0.12422675	0.8368068	-0.1350991	-0.25774127	-0.25051245	-0.08522567	0.042644292	-0.25012693
GS3_168	-0.0063042482	0.120821215	0.12736645	0.124191724	-0.20216103	-0.012688731	0.8496997	0.11011543	-0.16930509	-0.09327692	-0.07056143	0.04376296	0.29478657	-0.007222175	0.09266141	-0.050040066	-0.16702005	-0.1888155	-0.044539187	-0.01421219	-0.28407484	-0.012831815	0.029091079	-0.03731208	-0.21389255	0.004079886	-0.09221868	-0.20359963	-0.029642763	0.15347524	-0.21606337	0.04200886	0.011598449	-0.06784385	0.0036833764	-0.076605126	0.0850032	0.26929966	0.15730715	-0.2388131	-0.17108327	-0.20940337	-0.032648668	0.008248937	-0.04597	0.23591805	0.03308683	0.10800124	0.2480915	-0.30535623	-0.12917334	0.14526065	0.27010605	-0.077633254	-0.026301228	-0.27627808	0.043559376	0.053087346	-0.15371864	0.11866553	-0.3492999	0.070842	-0.16884033	0.0044769417	0.1185035	0.30606887	-0.20059799	0.013650626	-0.17559248	0.018980702	0.007609182	-0.34045225	-0.06788687	-0.046362076	0.040174674	-0.14127749	-0.018894197	-0.048423626	-0.057517935	-0.053367823	0.052846104	-0.06815449	0.28888264	0.15810166	-0.13452981	-0.11603624	0.12118066	-0.20429264	0.11639038	0.1642931	-0.08153306	0.015076331	-0.06326009	0.034530398	0.06272499	0.07701401	-0.051389422	-0.18607302	0.15018685	0.080569446	0.025243837	-0.10053154	-0.06874641	0.20788069	-0.074827485	-0.09521784	0.09852862	-0.0019392549	0.14518294	0.018932218	0.057621785	-0.22182152	0.09649665	0.35593832	0.06161217	-0.18673936	0.25375083	-0.048954677	-0.24642581	-0.015414287	0.109060526	0.19581637	0.035467036	-0.171088	0.0067038476	-0.064537965	-0.16497548	0.16351657	0.064463235	0.18867423	0.059439734	0.24484845	0.22915676	0.14654854	0.3666672	0.24091473	0.036845643	-0.027823843	-0.03136806	0.10179377	-0.11493814	-0.046521977	-0.10987373	-0.04981358	-0.1331053	0.027235247	0.15258376	-0.10944433	-0.07664976	-0.060969807	0.077521496	-0.06543192	-0.28158087	-0.22563952	-0.0816183	0.35607356	-0.10566857	0.012022066	-0.15553315	-0.083579555	0.03918315	-0.055803623	0.07059119	0.08424893	-0.38901722	0.046004593	-0.06966641	0.028791713	0.12947531	0.022714846	-0.0069723995
GS3_176	-0.20143348	0.15414453	-0.08260868	-0.015663205	0.41451174	-0.08484922	0.11011543	0.80712545	-0.11350075	-0.16605172	-0.0731974	-0.20201914	0.24200806	0.035547987	-0.15454568	0.08650209	0.11239796	-0.10716817	0.13292424	-0.0059443326	-0.20953566	-0.059426792	0.07975902	0.22652146	-0.020946957	-0.032129265	-0.34333286	-0.17846261	-0.024611348	-0.047759384	0.005571373	-0.019268442	-0.045653854	0.031245999	0.044269986	-0.39095685	0.057876214	0.10150871	-0.036590055	-0.09649445	-0.030616568	-0.11777959	0.07452531	0.19355704	-0.18185243	-0.15540603	0.0135673	0.4183489	0.1181921	-0.02189478	-0.27936646	-0.15378712	0.21139228	0.06857406	0.15839858	-0.029135695	-0.14890473	0.15256692	-0.023704415	0.043702267	0.117065996	-0.24515973	0.06508779	-0.12930176	-0.28606585	0.10002408	0.30464068	0.2037357	-0.028733587	0.07194264	0.13589077	0.17252323	0.0753048	-0.046206653	-0.18849818	0.25985605	0.06764501	-0.001739539	0.04243495	0.22712432	-0.15071213	0.07529468	0.053524494	0.14359942	-0.28172362	-0.34646466	0.118014865	-0.047282264	0.17662911	0.13803402	0.095315024	-0.29286128	0.0392678	0.019077925	-0.19733298	-0.002500695	0.07710519	-0.18023379	-0.04929208	0.07346452	0.016768105	-0.26324353	0.059576605	0.037266	0.07898196	0.069386385	-0.0840927	-0.08178802	-0.058067836	-0.06724679	-0.23394744	-0.017855274	-0.118251935	0.3012555	-0.16213623	0.061791267	0.0018515761	0.21324013	-0.10924781	0.058884505	0.14161235	-0.17206068	-0.065721564	-0.07756166	0.011870192	0.18025121	-0.23458084	0.05653404	-0.07965313	0.11451905	0.057015464	-0.020840859	0.09066887	-0.021795398	0.2356921	-0.122070596	0.24718189	-0.35999236	-0.17369404	-0.13107838	0.03315486	0.036621995	-0.01759682	0.20433927	0.10768515	0.23604877	-0.1832982	-0.07258036	-0.038854033	0.106332816	-0.1315067	-0.307592	0.18124853	0.0013465615	0.019006832	-0.065492675	0.043753184	0.09274489	0.07109448	0.038706623	0.026014522	0.1667796	-0.17599906	0.01907364	0.02015307	-0.056009173	-0.084887356	-0.16947988	-0.024563296	0.036786016	-0.11120298
GS3_40	0.11423085	0.006879763	0.04862565	-0.15463385	-0.061642714	0.15099561	-0.16930509	-0.11350075	0.7956244	0.36546454	0.26094624	0.19669703	-0.44003707	-0.3874809	0.20710203	-0.01334737	-0.07597657	0.12468567	-0.26431242	-0.081643015	0.31306523	-0.0076792417	0.22979803	-0.31629264	0.05351405	-0.07192271	0.18946736	0.3462697	-0.030237958	-0.20052955	-0.076774254	0.2612562	-0.032379597	-0.080643505	-0.27411264	0.18102598	-0.3836972	-0.026522636	-0.014826274	0.37194422	0.010236238	0.07423975	-0.108068675	0.015982533	0.2915247	-0.1522527	0.11918666	-0.035548065	-0.018906072	0.04655756	0.2199849	0.1661099	-0.063323	-0.056585602	-0.28977045	0.17197841	-0.1572903	-0.27396727	-0.15782437	-0.060932193	0.07927848	0.12479392	-0.09158488	-0.082979366	0.22873314	-0.45368674	0.09573766	-0.0380165	-0.026763564	0.13904445	-0.47676674	0.14280593	-0.26113516	0.49444366	0.09871106	-0.1696765	-0.11670034	-0.264888	0.022577317	0.09385918	-0.16074595	0.02615408	-0.47397092	-0.4101397	0.16741194	0.21796091	0.13882872	0.27196005	0.020022038	-0.19393532	-0.24196984	0.13550968	-0.02793252	-0.3892201	-0.103804134	0.04843941	0.025248284	0.03617975	-0.15748787	-0.034915846	-0.35061586	0.1848836	-0.028479569	-0.41885513	-0.06653972	-0.072112046	-0.42008185	0.20352003	-0.22516191	-0.026183031	0.32815525	0.24785636	0.042995535	-0.41674453	0.0718797	0.24779297	-0.24598938	0.3672204	0.21459644	-0.04231176	-0.038092956	0.3220339	0.3406039	0.28839135	-0.08796933	0.31163362	0.061196934	0.19158034	-0.09721978	-0.32347226	-0.037064884	-0.22470443	0.12590046	-0.4908541	-0.22445057	-0.45170027	-0.34456155	0.3009069	0.22063619	-0.07061008	0.19500242	0.3884345	-0.07055817	-0.11504068	0.02303521	-0.003995074	0.13177297	-0.036341503	0.21892594	0.033158395	0.03688831	0.21881409	0.18438564	0.17761551	0.22111936	-0.15043667	-0.16439147	-0.07037688	-0.14787643	-0.08511246	0.3965694	0.28926757	-0.12405957	0.13891254	0.3875654	-0.11600446	-0.052693702	0.018312164	-0.15243182	-0.11427149	-0.13700323
GS3_175	0.1314997	-0.14474544	0.1869668	-0.25464016	-0.034964286	0.48905253	-0.09327692	-0.16605172	0.36546454	1.063158	0.30035418	0.046952188	-0.56119394	-0.37195504	0.63477755	-0.023902219	-0.03676163	0.026382327	-0.43913275	-0.20224136	0.39563528	-0.14018528	0.36062634	-0.50209945	-0.050972033	0.0018159696	0.22125499	0.32433313	-0.0852745	-0.18270905	-0.113706544	0.40052	0.046799082	-0.12080195	-0.64703727	0.29603034	-0.37012544	0.15472503	0.20641507	0.32697135	-0.06862166	-0.062981255	-0.4023339	0.04279668	0.2963165	-0.026763821	0.104819685	-0.17027952	0.18286796	0.06782173	0.31518653	0.27824977	0.10472328	-0.11244058	-0.46251985	0.059833176	-0.2966105	-0.5309837	-0.41584995	-0.13104622	0.121688485	0.14406955	-0.13190868	-0.08701171	0.6374856	-0.63381237	0.13810638	0.021052023	-0.051449966	0.13132833	-0.7334914	0.105371244	-0.4683415	0.7557514	0.16609652	-0.19841908	-0.13324392	-0.41090542	0.17369239	0.23776802	-0.17767702	-0.19096103	-0.54276884	-0.66069686	0.1776681	0.22474843	0.15829344	0.29077655	0.06388445	-0.26418588	-0.19598612	0.17708218	-0.03372832	-0.6422493	-0.17212592	0.09289499	0.064349666	-0.03692134	-0.2835397	0.13901068	-0.32309547	0.21642162	-0.1851995	-0.6286304	-0.096112646	-0.105789006	-0.6029606	0.3233841	-0.24541599	0.04287814	0.47484258	0.3688701	0.28298673	-0.6734228	-0.17787106	0.4363604	-0.30278307	0.54520386	0.30346128	-0.021107294	0.106623866	0.49861443	0.43814644	0.26809344	-0.04503995	0.45029125	0.22761525	0.106154956	-0.221804	-0.653841	-0.12230949	-0.33948904	0.26016742	-0.5240394	-0.11345748	-0.48234114	-0.53788537	0.347634	0.20295778	0.13759129	-0.018723471	0.63392204	0.09046242	-0.04234707	0.014649646	0.21906692	0.24395163	0.007059469	0.28714937	0.012111284	-0.13944827	0.22842807	0.47628912	0.054091882	0.24383014	-0.026677923	0.048915256	-0.1608481	-0.46323213	-0.07150092	0.63150716	0.38881078	-0.125419	0.06154657	0.5591089	-0.21594925	-0.2723244	0.06943117	-0.23966458	-0.1418289	-0.16990669
GS3_79	0.5210871	0.046174776	0.2579279	-0.23420557	-0.04742957	0.45233014	-0.07056143	-0.0731974	0.26094624	0.30035418	1.0316586	0.33827788	-0.58359486	-0.38675016	0.50015205	-0.09345869	0.01919768	-0.19383144	-0.41284823	-0.020222597	0.49407274	-0.05191337	0.35778418	-0.43949002	0.06341409	0.08191853	0.16726767	0.36942735	-0.07573771	-0.035575077	-0.059030302	0.30373672	0.048479557	0.111807615	-0.50171494	0.21721451	-0.38609603	-0.11574678	0.48417935	0.3256483	0.05548736	0.00417025	-0.5142114	-0.15361086	0.15809411	-0.07253566	0.18886067	-0.11397144	-0.19382657	0.13287196	0.2259837	0.041950766	-0.03843397	0.07111629	-0.5339038	0.0068696863	0.081982516	-0.4405068	-0.47181574	0.02059031	-0.01592974	0.32650635	0.21811765	-0.068575144	0.24451683	-0.6747692	0.05707118	-0.043694217	0.21472272	-0.08518093	-0.4772309	0.039457634	-0.45273963	0.35556468	0.43087375	-0.44004357	0.084217645	-0.5204104	0.16326979	0.10848182	-0.16849183	-0.19602711	-0.4299222	-0.5129161	0.43426764	0.240533	0.33635968	0.46850774	-0.08731741	-0.26617318	-0.35513943	0.44659784	-0.14236926	-0.5237989	-0.10072766	0.24160776	-0.05463976	-0.052070346	-0.2265318	-0.212665	-0.37298986	0.24303927	-0.13871832	-0.6397957	0.07365169	0.14865448	-0.50137645	0.6543278	-0.054381553	0.03917938	0.50852555	0.41313338	-0.055209134	-0.5233876	-0.10531467	0.18927886	-0.23526068	0.39976022	-0.09403868	0.1008052	-0.10162563	0.2678688	0.2843402	0.19114427	-0.18948555	0.3679137	-0.1517407	0.40228087	-0.031031804	-0.4701551	-0.12369102	-0.16746351	0.17364624	-0.5019331	-0.141583	-0.33774626	-0.4704368	0.33814606	0.2852199	-0.15571378	-0.073476516	0.3749757	-0.10460014	-0.1320165	-0.11692803	0.062610544	0.4454709	0.07573988	-0.039447304	-0.035751503	-0.1342162	0.23560368	0.092218526	0.029138476	-0.15215245	0.025191413	-0.059687655	0.12194914	-0.49734944	0.01753195	0.40264073	0.31027064	-0.12789847	0.14191052	0.57056016	-0.03863599	-0.14188178	-0.008108284	-0.100076646	-0.19106796	-0.20047715
GS3_169	0.47748718	0.0878095	0.40535715	0.1358094	-0.32335162	0.26275933	0.04376296	-0.20201914	0.19669703	0.046952188	0.33827788	0.8808549	-0.35633335	-0.5027696	0.25374046	-0.13717337	-0.23139867	-0.07664432	-0.54043597	0.0660286	0.31554624	0.07682711	0.19971341	-0.4638048	-0.15500714	-0.113546714	0.36358178	0.25570267	-0.11403291	0.061890066	-0.12226998	0.21051587	-0.11590937	-0.036955383	-0.27231482	0.40571427	-0.46013707	-0.23474365	0.45023346	0.28124657	-0.12348408	-0.0023864084	-0.38058966	-0.17221856	0.26669282	-0.015349764	0.52363	-0.09860495	-0.19103713	-0.12041334	0.3365604	0.31080526	-0.20854624	-0.07154228	-0.49384895	-0.14784728	0.24989185	-0.35195816	-0.43827787	-0.015076618	-0.32577023	0.64630795	-0.09067748	0.14907539	0.29168186	-0.2408355	-0.2345444	-0.12453446	-0.042007744	-0.11930783	-0.32984966	-0.30195558	-0.4778555	0.15547481	0.582423	-0.55857676	0.028837802	-0.55549234	0.36726636	-0.3042687	-0.026240343	-0.014338309	-0.3031338	-0.33792126	0.5354039	0.42729408	0.42491192	0.35502952	-0.13890705	0.029883357	-0.6300598	0.50864226	-0.03904817	-0.23475426	0.14331904	0.3645859	-0.17483974	-0.1124715	0.19423251	-0.21550745	-0.4816319	0.39879814	0.028525084	-0.2178449	-0.060083963	0.018562676	-0.26273856	0.28097048	0.084662415	-0.13155387	0.37606844	0.25379372	-0.25903443	-0.22551	0.13765113	0.18255505	0.14222786	0.044303484	-0.23576654	-0.066224985	-0.14133741	0.36204222	0.28638	-0.050022498	0.08591731	0.013939831	-0.07128399	0.48543182	0.10391586	-0.26376647	0.02322659	0.13647501	0.40630606	-0.25172624	0.036910158	-0.20316616	-0.44988233	0.43110007	0.4208754	-0.15439132	-0.18191321	0.16273455	-0.105900206	-0.2178492	-0.17871329	-0.37950426	0.39255196	-0.08878966	-0.21577229	-0.08805644	0.10134358	0.47084996	-0.23767605	-0.14026384	-0.20913447	0.066762656	-0.13582076	-0.023328964	-0.4451885	-0.028889194	0.13193804	0.018906254	-0.025696034	0.4976903	0.16305539	0.06447163	0.1177122	-0.021401914	-0.009602396	-0.21487927	0.060160127
GS3_77	-0.425067	0.057712596	-0.27584437	0.43121773	-0.01760234	-0.48354492	0.29478657	0.24200806	-0.44003707	-0.56119394	-0.58359486	-0.35633335	1.5400962	0.6156271	-0.50587946	-0.018385906	0.062039703	-0.28932923	0.5213316	0.0032655366	-0.60180044	0.027916344	-0.5478653	0.42321864	-0.12780628	9.394158E-5	-0.36111552	-0.5171189	-0.11985342	0.22007851	0.021661878	-0.5676184	0.0648381	0.1830782	0.57115626	-0.38851306	0.4139415	0.19579189	-0.3071577	-0.43965945	-0.10375715	-0.17526403	0.3617506	0.109502435	-0.36841252	0.16959362	-0.18924992	0.22731283	0.18219054	-0.32577392	-0.47050947	-0.02516298	0.24961782	0.12562563	0.5749225	-0.29056504	0.097321354	0.53940064	0.32820988	-0.08329642	0.0044625774	-0.3829493	0.13496049	0.17888238	-0.3194959	0.8133947	0.0050103837	0.038084686	-0.10765976	0.093406565	0.7388319	-0.07871155	0.49181452	-0.6526935	-0.35514298	0.3320877	0.18083842	0.4579996	-0.28206486	0.011846126	0.13038783	0.13012981	0.74796736	0.943554	-0.45885366	-0.4856543	-0.23218021	-0.5160112	0.07076398	0.33124298	0.25128576	-0.44483152	-0.1487037	0.5919277	0.06663391	-0.2467485	0.009092297	-0.19753109	0.28593904	0.037740424	0.4115055	-0.48113915	-0.015728783	0.8654806	0.32313827	0.1688851	0.7735776	-0.47864553	0.2733249	-0.09805638	-0.50042284	-0.57303905	-0.04980504	0.7016119	0.0032105423	-0.39151588	0.2541134	-0.72101134	-0.13170452	0.016259624	0.12158973	-0.3365098	-0.5170241	-0.25909242	0.12077756	-0.606405	-0.13520041	-0.20764479	0.16687556	0.7804488	0.19937178	0.32608035	-0.1097625	0.67606986	0.40212056	0.71515906	0.8420388	-0.4546229	-0.5244385	-0.10592568	-0.16489026	-0.50889635	-0.076273106	0.2093355	-0.13384242	-0.045988288	-0.25852504	-0.17389481	-0.17568494	0.0048999814	-0.030747935	-0.51141834	-0.44082746	-0.12283377	-0.08480621	0.3230191	0.07335224	0.21289429	0.4065828	0.14720297	-0.5811539	-0.5223249	0.14851695	-0.3221128	-0.77505815	0.123979494	0.0754732	0.0046136877	0.2570229	0.2548393	0.18655258
GS3_82	-0.4885414	-0.022558944	-0.4160716	-0.003941858	0.25590378	-0.44505277	-0.007222175	0.035547987	-0.3874809	-0.37195504	-0.38675016	-0.5027696	0.6156271	1.3073869	-0.39764932	0.009710133	0.2141564	0.016817963	0.62695557	-0.022856757	-0.37422192	0.18920955	-0.4966462	0.4635309	0.06454102	0.34601453	-0.57118875	-0.32189545	0.12400731	0.23030472	0.27831167	-0.46748036	0.3177784	0.21791804	0.5530812	-0.58747405	0.85444707	0.06317075	-0.30403626	-0.47468483	0.070577994	-0.0065672444	0.49930558	0.083790116	-0.43098405	0.0025685125	-0.60744905	-0.06058324	0.028968344	0.12947702	-0.5955301	-0.48605394	0.18360557	0.20845695	0.45536968	-0.0639838	0.010453766	0.6022227	0.58728373	0.025631787	0.3122529	-0.5179265	0.22030097	-0.050129376	-0.39245456	0.48101732	0.21297076	0.0042854086	0.11812675	-0.088132516	0.5534499	0.037821032	0.57896954	-0.47226632	-0.61738133	0.4544424	0.28797594	0.5310417	-0.42977864	0.25697088	-0.07842929	-0.042744923	0.7750765	0.6369864	-0.5448653	-0.5304809	-0.5234269	-0.53447723	-0.09022622	0.06069942	0.8854313	-0.49279693	-0.115376286	0.45250076	-0.08333268	-0.4436691	0.038860165	0.038972583	-0.019811872	-0.06959216	0.7473616	-0.5048485	0.054969043	0.49221978	0.16368459	0.16006584	0.48942006	-0.39160544	0.083993286	0.37043476	-0.54220855	-0.4704907	0.21515937	0.40958363	-0.07138068	-0.5288589	0.05652113	-0.38706937	0.1088349	0.13512515	0.090079635	-0.49988103	-0.48758844	-0.038284678	-0.20258169	-0.23210017	0.11406453	-0.6132442	-0.108094215	0.5740403	0.1446679	0.014146236	-0.6549463	0.7714403	-0.020432426	0.7410379	0.71762866	-0.58673304	-0.4361524	0.11581878	-0.016376443	-0.41697425	0.17595258	0.004445923	-0.08083902	0.19357724	-0.35756317	0.10365183	0.025894657	0.010181098	-0.010226733	-0.6672439	-0.17251126	0.14515218	0.03372956	0.024689792	0.36658418	0.12285315	0.5921123	0.16682956	-0.4749359	-0.21344334	-0.0149937	-0.6303729	-0.3920649	0.07985723	-0.11777312	-0.043287423	0.10263933	0.25663397	0.03866803
GS3_173	0.3051051	-0.10235612	0.33656484	-0.11054999	-0.048517317	0.46277153	0.09266141	-0.15454568	0.20710203	0.63477755	0.50015205	0.25374046	-0.50587946	-0.39764932	1.0399383	-0.09081278	0.028090695	-0.14054765	-0.46947438	-0.09812554	0.32369456	-0.055036824	0.37029412	-0.47375795	-0.21024284	0.103287205	0.21350388	0.33028382	-0.023529707	-0.026646325	-0.23436141	0.43304747	0.034843463	-0.079734355	-0.64460504	0.28582707	-0.33344707	0.08137543	0.38356885	0.26391253	-0.015563917	-0.09370936	-0.49919742	-0.11591652	0.2058794	0.089402996	0.25690684	-0.18413529	0.12336481	0.04928179	0.27184466	0.17651047	0.06311502	-0.14145131	-0.48056582	-0.12361321	-0.19271755	-0.46530446	-0.4925463	0.1089528	-0.04672354	0.2970862	-0.12580083	-0.03349148	0.5166107	-0.57226056	-0.08137699	-0.012221032	-0.09891792	-0.04816921	-0.6674394	0.036836877	-0.54827815	0.36146465	0.27478266	-0.33115566	-0.0768638	-0.4710724	0.24619298	0.072789945	-0.08250546	-0.12483527	-0.4368927	-0.6425767	0.22710566	0.306724	0.28475952	0.34312052	-0.013200865	-0.13220292	-0.3144943	0.24762897	-0.06940458	-0.51750296	-0.017018994	0.20017092	0.010871349	-0.0948986	-0.17630363	0.09930881	-0.3611606	0.22054583	-0.11054375	-0.52707756	-0.11537559	-0.08513282	-0.50114095	0.48362288	-0.19770664	0.012979708	0.53534406	0.46403956	0.2094333	-0.6561868	-0.22489685	0.3773865	-0.118527815	0.4000189	0.048809808	-0.017875034	-0.009354671	0.4047691	0.41942596	0.22992738	-0.12256862	0.3222406	-0.07267772	0.32364312	-0.12205726	-0.62619597	-0.08614878	-0.07613325	0.3699655	-0.47241497	0.019408844	-0.31961778	-0.5041762	0.30082107	0.21981712	0.19496743	-0.20399211	0.4369675	0.068372965	-0.0427301	0.009532042	0.23268013	0.37688318	-0.1199102	0.051798914	-0.13530076	-0.1296481	0.27251753	0.28806174	0.019455323	-0.10924662	0.22865623	0.06724914	-0.0834287	-0.5897349	-0.10297034	0.41522482	0.26595214	-0.072229706	0.1367763	0.44253814	-0.09183122	-0.28128728	0.07627559	-0.1559983	-0.15066078	-0.16527659
GS3_209	-0.117431335	-0.060805317	-0.044661064	0.012289266	0.11991381	-0.1361813	-0.050040066	0.08650209	-0.01334737	-0.023902219	-0.09345869	-0.13717337	-0.018385906	0.009710133	-0.09081278	0.5047761	0.06629419	0.063097216	0.0042314697	-0.008416167	-0.052251782	0.021261564	-0.012508136	0.10885833	0.010242577	-0.10679536	-0.10286994	-0.033626642	0.072897635	-0.16700286	-0.012446574	0.11022691	0.02138774	-0.104560696	0.008974975	-0.0808645	0.06137884	-0.020413643	-0.14849484	-0.11204142	0.036839023	0.07133207	0.086536966	-0.037238296	-0.040053498	0.042887542	-0.039939992	0.13363095	0.020801852	0.019177578	-0.09323645	-0.07411593	-0.05511712	-0.055694155	0.09148375	-0.009423039	-0.08628414	0.0584068	0.09039758	0.09910194	-0.062054444	-0.09855082	-0.031809118	-0.053763572	-0.077442996	0.028844299	-0.00884387	0.055017065	-0.008086193	0.07250965	-0.0029162248	0.06643309	0.0091802	0.010619107	-0.11920468	0.18374091	-0.059363358	0.067467436	0.14289401	0.02545011	0.13614714	0.04550166	-0.102615766	-0.028083494	-0.12328839	0.0017055044	-0.105838746	-0.0759443	0.03326369	0.082233086	0.088934824	-0.13484207	0.11363503	0.0521201	-0.03006249	0.054569863	-0.038596306	0.071957	-0.0048823673	0.104327954	0.058598865	-0.10707918	0.02299174	0.08836456	-0.016894663	-0.07651355	-0.019230109	-0.045772497	-0.10334725	-0.044253107	-0.056640156	-0.07575828	-0.036630645	0.07517404	-0.00953168	0.016784413	-0.0050009442	0.062012173	0.092551745	-0.07116235	0.028750984	-0.08093733	-0.054625224	0.09678524	0.008163974	0.042914256	0.05723715	-0.1018336	-0.09492087	0.035402473	0.05751943	-9.881323E-4	-0.09576436	-0.049470905	-0.011783662	-0.066369824	0.09175279	-0.073892996	-0.13240457	0.045774806	0.080602676	0.013750548	0.0038140558	0.12705667	0.15262495	0.042099267	-0.14390673	-0.032805745	0.049431056	0.036521316	0.010817072	-0.029684551	0.07286899	-0.0053703873	0.10733278	-0.056627326	-0.023269024	0.03115502	0.120724276	-0.016671581	3.1362227E-4	0.03856267	-0.0072948	0.099908374	-0.08656937	-0.061055157	-0.0047518616	0.05616205	-0.050748788	-0.087563105	0.039193243
GS3_67	-0.07558749	-0.08650213	-0.021984601	-0.07411007	0.22438428	-0.10067791	-0.16702005	0.11239796	-0.07597657	-0.03676163	0.01919768	-0.23139867	0.062039703	0.2141564	0.028090695	0.06629419	0.5585798	0.028465452	0.043569952	-0.011440819	-0.09812368	-0.059444916	0.0029284554	0.079679504	0.003883402	-0.0084256185	-0.0017115219	0.033512365	0.0506653	-0.09075247	0.005632509	-0.046576966	0.11470121	-0.008258655	0.07752197	-0.05835317	0.0687682	0.003178217	0.013640919	-0.072605	-0.021100445	0.0641142	0.07561917	0.044918988	-0.07482179	-0.018265769	-0.12307345	0.040849727	0.030470366	-0.06179631	-0.021322139	-0.20395583	-0.030246437	-0.061867654	0.060879212	0.08298564	-0.09063534	0.09364941	0.09662875	0.058415283	0.06598917	-0.24197553	0.02695754	-0.056826755	-0.12757596	-0.11947341	0.053150747	0.083781675	-0.009384916	-0.15991907	0.045948688	0.14449692	-0.053418264	-0.14501466	-0.20963928	0.14742213	-0.050317068	0.0026210556	0.07191747	0.09302313	0.15756887	0.014249928	-0.009587784	-0.0652303	-0.16167612	-0.005002806	-0.059704944	-0.076801114	0.017238837	0.08221055	0.2138253	-0.23879817	0.032407213	-0.03713527	-0.03364165	0.094600916	-0.018551132	0.08661653	-0.16639166	-0.018901492	0.11262923	-0.11319289	0.022000065	0.0065145725	-0.050577328	0.0022118115	0.042858228	-0.05609351	-0.124895185	-0.014414986	-0.092261724	0.021811312	-0.0060952827	-0.07811582	-0.046524912	0.029292112	-0.18544248	0.05958955	0.1632819	-0.06845511	-0.033876028	-0.14519253	-0.13149549	0.087233365	-0.026712371	0.07936272	-0.040487498	-0.13378032	-0.14253494	0.14523083	-0.032920867	-0.10286929	-0.099810615	0.08971448	0.026702277	0.13120598	0.10201002	-0.08296195	-0.045055393	0.0696925	-0.0015965181	-0.07035297	0.08874505	0.050775807	0.1439242	0.17591369	-0.0011931506	0.042244192	0.03402752	0.007970408	0.0054568336	-0.08766054	0.18274142	-0.012168299	-0.07052323	0.012705368	0.16645874	-0.05072975	0.12808095	-0.05137664	-0.008096539	0.060832817	0.07254287	-0.103913434	0.089170374	0.046174657	-0.06506515	-0.0066579133	0.0757887	0.06200399	-0.04987932
GS3_72	-0.18001026	-0.078897916	-0.14473478	-0.19692749	0.0071887244	-0.21326888	-0.1888155	-0.10716817	0.12468567	0.026382327	-0.19383144	-0.07664432	-0.28932923	0.016817963	-0.14054765	0.063097216	0.028465452	0.71001875	0.09130057	-0.019883333	0.0015056147	0.070444964	-0.048907634	0.07829237	0.16567773	-0.040046733	0.032397736	0.17003825	0.02102782	-0.11532508	0.13155434	0.034779333	0.008257525	-0.07573439	0.1794925	-0.033197347	0.019651283	-0.041645866	-0.28878832	0.10559001	0.050551184	0.058078945	0.4693693	0.15877302	0.008155432	-0.108279765	-0.1179012	0.019709766	0.043132737	0.121000275	-0.0055549676	-0.08037156	-0.10875058	-0.09546588	0.049865548	0.34761912	-0.07306849	0.07409489	0.48174247	0.023619074	0.069977686	-0.19247672	-0.12329664	-0.07035484	-0.081234455	-0.12371081	0.042145707	0.046957277	-0.0691154	0.020937761	-0.09841575	0.12519161	0.084406585	0.10532774	-0.18358956	0.16839881	-0.2150855	0.07001758	-0.07271905	0.023905808	-0.0093825115	0.041323107	-0.045321394	-0.11600677	-0.16239132	0.030981766	-0.25190568	-0.15551755	0.04470032	-0.10002505	0.20598334	-0.17067084	0.16677299	-0.014618368	0.010698118	-0.1807078	0.032033417	0.24088158	-0.13244691	0.09149488	0.07153301	0.08067162	0.075621374	-0.07062775	-0.28186306	-0.15936118	-0.12569125	-0.18247847	-0.24216433	0.10254085	-0.12845731	-0.026960688	0.07941083	0.020401577	0.30547562	-0.015492632	-0.19257712	0.070883475	0.22646844	-0.1099689	-0.03220595	-0.0683585	-0.019039085	0.06859639	0.07077614	0.04133868	0.14970991	-0.24182484	-0.05079958	0.042713307	-0.12904605	-0.19256204	-0.23313221	-0.06061757	-0.21522093	-0.032680646	-0.06769615	0.011906914	0.20527728	0.122129604	0.3568585	-0.057111822	0.089360856	-0.10817881	0.05804015	0.017690623	-0.24559395	0.15444174	0.21514913	0.015799949	0.24720676	0.12769523	0.21183865	0.1535377	0.16785976	-0.121337004	-0.014133668	-0.17318416	0.43863362	-0.16688897	-0.009976317	0.039051697	-0.02199062	-0.0102094645	0.0018294146	-0.05512997	0.10534784	-0.011223396	-0.15208045	-0.02953932	-0.072816245
GS3_164	-0.5760589	0.014332102	-0.45518643	-0.0063204984	0.14597748	-0.34456646	-0.044539187	0.13292424	-0.26431242	-0.43913275	-0.41284823	-0.54043597	0.5213316	0.62695557	-0.46947438	0.0042314697	0.043569952	0.09130057	1.3293103	-0.122011825	-0.36441088	0.09382013	-0.45580915	0.77443266	0.12073983	0.38599315	-0.50589615	-0.3712775	0.23839201	0.3068732	0.11491665	-0.5389456	0.031031338	0.22212131	0.53088653	-0.4938071	0.49979192	0.1230196	-0.5896797	-0.27710947	0.28250262	-0.061645303	0.5665863	0.14229394	-0.41277367	-0.043923907	-0.5155222	0.031666614	-0.032805357	0.20857987	-0.5279247	-0.32637647	0.1226704	0.12637204	0.623295	-0.014946906	0.23282452	0.5569585	0.6358519	-0.13521111	0.25613603	-0.52376306	0.12650312	-0.14932333	-0.45992008	0.44480458	0.28214365	-0.017156752	0.27065712	0.16293576	0.8904123	0.14836398	0.9950245	-0.37332726	-0.43497744	0.43505883	0.13221057	1.0646982	-0.46227282	0.12080187	-0.012127115	0.12596859	0.7200329	0.8678705	-0.4772668	-0.6304009	-0.44454595	-0.54364544	0.13482186	0.005726461	0.520584	-0.38255754	-0.0325201	0.6705941	-0.036457434	-0.5790974	0.3749417	-0.071948856	-0.086520076	0.10309768	0.39979216	-0.5464423	-0.013475097	0.41404337	0.19795842	0.15286475	0.8442848	-0.3875324	0.010229472	0.07441166	-0.50727737	-0.42720807	0.328428	0.35861227	-0.075406194	-0.55465037	-0.030414779	-0.41492197	-0.044766314	0.30491117	0.031600587	-0.63243026	-0.45078394	-0.12755826	-0.31408915	-0.32649925	-0.0866723	-0.42457178	0.3002262	0.5205509	-0.05016442	-0.05150685	-0.47311708	0.36408544	-0.11452715	0.32192972	0.5780241	-0.6272811	-0.43385923	0.06531903	0.14827883	-0.4574256	-0.10196665	0.18288471	0.050298914	0.10489903	-0.53396297	0.08288687	0.08452568	-0.06579714	-0.03264546	-0.65110147	-0.206328	0.13449539	0.109637715	-0.1294401	-0.057052802	0.07750942	0.639449	0.10679988	-0.49518546	-0.29326487	-0.034247324	-0.5274	-0.23026006	-0.0907827	-0.100017846	-0.08935153	0.22656177	0.40943396	-0.08770897
GS3_83	0.033322718	-0.04187584	0.21328914	0.034033243	0.0090855835	-0.06026693	-0.01421219	-0.0059443326	-0.081643015	-0.20224136	-0.020222597	0.0660286	0.0032655366	-0.022856757	-0.09812554	-0.008416167	-0.011440819	-0.019883333	-0.122011825	0.7104382	-0.11679504	-0.011253757	-0.08278307	0.06868123	0.01692081	-0.10591033	0.022628095	-0.11620911	-0.014078364	-0.031059798	-0.06867681	-0.11358703	-0.042160865	-0.21848373	0.10737568	-0.09088093	0.16747442	-0.0894714	-0.015287552	-0.08753499	0.12528874	0.25169715	-0.01772854	-0.11502596	-0.022838743	0.08741967	0.022545565	-0.036218394	-0.09300402	-0.1708578	0.03611503	-0.0010019528	-0.11722342	-0.0896869	-0.07764628	-0.020200314	0.03509771	0.071997315	0.01584853	0.096521296	-0.18340248	0.017054109	-0.10161716	0.27985016	-0.10944663	0.044897318	-0.185029	0.05966112	-0.0215611	0.0049417936	0.13597718	-0.15316772	0.012278821	-0.16202657	0.028672209	0.062554754	-0.06929675	-0.0070781414	0.11935401	-0.20972595	0.06422758	0.011930341	-0.0061693643	-0.06491237	0.08267673	0.05360098	0.18022153	0.04847069	-0.08880021	0.02934898	0.073297046	-0.07742835	0.058365062	0.11535946	0.41604334	0.036777	-0.14007919	-0.018058525	0.02016421	-0.123708725	0.12163243	-0.00828997	0.011587043	0.06500387	-0.11630626	-0.11399211	0.12887843	-0.047018427	-0.037224777	-0.0073885	-0.08768973	0.27077132	-0.2634349	0.34293428	0.040522523	-0.040091474	0.062119532	-0.12720193	-0.1291138	-0.09861506	-0.0010870041	0.018479474	-0.04338431	-0.04099634	0.24803104	-0.03991673	-0.031811833	0.011448173	0.058473974	0.073890224	0.0036580972	0.04561865	-0.020604284	0.21451274	0.116885655	0.10122892	-0.03799285	0.062182352	-0.09272098	-0.013461551	-0.05113982	-0.15456344	0.1630144	-0.077701956	-0.09365856	-0.1658019	0.10709435	-0.11662464	-0.057470776	0.07196316	0.05274164	0.057839643	-0.083086625	-0.11332477	-0.16364081	0.079002574	0.12427178	-0.11890287	-0.01917368	-0.11946851	-0.16379282	-0.03849261	0.004781988	0.05260477	-0.16572803	0.30722997	0.14967261	0.15044923	0.03287526	-0.06932161	0.064291164
